LSIL 0.4449 175 28 217 77
LSIL 0.3986 176 3 221 50
LSIL 0.3382 194 30 223 59
LSIL 0.3239 197 0 223 28
LSIL 0.3058 184 0 208 25
HSIL 0.5410 103 41 132 71
HSIL 0.5160 2 142 70 195
HSIL 0.4928 104 44 158 90
HSIL 0.4863 80 12 198 87
HSIL 0.4709 51 21 127 76
HSIL 0.4696 83 56 129 113
HSIL 0.4639 107 25 156 64
HSIL 0.4636 0 128 158 221
HSIL 0.4580 21 19 144 135
HSIL 0.4542 86 0 141 60
HSIL 0.4437 85 79 143 147
HSIL 0.4409 126 61 175 110
HSIL 0.4388 40 113 114 175
HSIL 0.4349 12 169 63 221
HSIL 0.4343 45 156 95 207
HSIL 0.4341 95 27 124 61
HSIL 0.4289 33 140 72 173
HSIL 0.4287 113 78 158 125
HSIL 0.4196 84 49 202 177
HSIL 0.4161 83 147 146 208
HSIL 0.4140 117 113 174 177
HSIL 0.4126 81 44 121 73
HSIL 0.4124 19 18 82 76
HSIL 0.4055 96 59 120 90
HSIL 0.4043 67 75 111 129
HSIL 0.4040 65 142 110 193
HSIL 0.3959 14 75 85 147
HSIL 0.3935 164 65 195 100
HSIL 0.3934 51 45 98 95
HSIL 0.3920 38 154 63 187
HSIL 0.3874 135 43 202 95
HSIL 0.3864 145 77 189 128
HSIL 0.3827 37 117 74 158
HSIL 0.3821 0 159 33 202
HSIL 0.3782 66 173 109 223
HSIL 0.3780 127 48 151 70
HSIL 0.3757 119 60 144 90
HSIL 0.3757 81 130 127 173
HSIL 0.3746 179 75 221 131
HSIL 0.3729 53 150 82 176
HSIL 0.3699 17 151 53 180
HSIL 0.3696 5 193 42 223
HSIL 0.3695 37 194 74 223
HSIL 0.3694 76 58 107 92
HSIL 0.3669 128 96 175 142
HSIL 0.3662 102 11 130 45
HSIL 0.3651 101 114 138 157
HSIL 0.3643 35 61 78 112
HSIL 0.3638 200 107 223 140
HSIL 0.3615 162 92 206 147
HSIL 0.3608 53 97 91 141
HSIL 0.3605 30 172 58 201
HSIL 0.3600 200 138 223 173
HSIL 0.3589 2 30 43 81
HSIL 0.3582 119 22 143 50
HSIL 0.3577 150 44 179 74
HSIL 0.3577 202 126 221 153
HSIL 0.3566 76 27 108 60
HSIL 0.3559 152 146 202 208
HSIL 0.3556 19 46 62 96
HSIL 0.3555 35 0 77 49
HSIL 0.3545 199 187 223 220
HSIL 0.3538 121 113 223 223
HSIL 0.3514 2 0 43 48
HSIL 0.3508 202 157 221 186
HSIL 0.3506 53 134 81 161
HSIL 0.3491 153 62 176 88
HSIL 0.3487 134 54 162 81
HSIL 0.3487 3 61 43 113
HSIL 0.3487 67 3 110 47
HSIL 0.3486 128 31 150 56
HSIL 0.3482 180 109 221 162
HSIL 0.3475 103 76 129 106
HSIL 0.3473 120 178 173 223
HSIL 0.3457 181 67 208 97
HSIL 0.3451 16 182 40 207
HSIL 0.3447 202 173 221 202
HSIL 0.3446 136 39 159 63
HSIL 0.3445 0 107 49 168
HSIL 0.3444 86 77 114 105
HSIL 0.3436 167 85 192 113
HSIL 0.3428 202 95 221 121
HSIL 0.3418 73 47 95 71
HSIL 0.3407 45 174 73 201
HSIL 0.3395 160 29 185 58
HSIL 0.3394 127 0 176 50
HSIL 0.3390 102 177 139 221
HSIL 0.3366 101 91 131 124
HSIL 0.3359 121 79 142 104
HSIL 0.3356 118 144 155 189
HSIL 0.3354 153 79 175 103
HSIL 0.3340 129 71 150 96
HSIL 0.3335 144 114 191 157
HSIL 0.3330 160 130 207 173
HSIL 0.3324 62 55 89 80
HSIL 0.3316 180 138 220 197
HSIL 0.3300 71 78 97 104
HSIL 0.3296 89 16 111 39
HSIL 0.3295 62 39 89 64
HSIL 0.3283 122 96 142 119
HSIL 0.3281 65 144 86 167
HSIL 0.3279 86 196 122 223
HSIL 0.3263 145 71 167 95
HSIL 0.3260 66 72 86 95
HSIL 0.3258 58 48 78 71
HSIL 0.3255 197 67 223 100
HSIL 0.3253 90 96 110 119
HSIL 0.3250 57 167 78 191
HSIL 0.3245 66 160 86 183
HSIL 0.3243 4 141 36 171
HSIL 0.3240 82 88 102 111
HSIL 0.3234 61 20 91 51
HSIL 0.3232 130 88 149 111
HSIL 0.3231 138 79 158 103
HSIL 0.3230 21 134 51 161
HSIL 0.3221 58 64 78 87
HSIL 0.3216 0 18 24 60
HSIL 0.3215 193 87 214 112
HSIL 0.3204 0 50 23 92
HSIL 0.3202 144 31 168 56
HSIL 0.3193 117 108 146 139
HSIL 0.3191 93 108 122 139
HSIL 0.3184 133 139 163 172
HSIL 0.3180 54 0 90 27
HSIL 0.3172 22 0 58 26
HSIL 0.3156 66 88 86 111
HSIL 0.3154 1 7 21 32
HSIL 0.3146 82 176 101 199
HSIL 0.3145 98 8 118 31
HSIL 0.3141 58 80 78 103
HSIL 0.3138 45 28 74 59
HSIL 0.3134 1 182 23 208
HSIL 0.3134 138 96 158 119
HSIL 0.3132 50 56 69 79
HSIL 0.3128 82 192 102 215
HSIL 0.3127 90 144 109 167
HSIL 0.3124 125 124 154 155
HSIL 0.3124 90 128 109 151
HSIL 0.3122 185 95 206 119
HSIL 0.3120 101 156 131 187
HSIL 0.3119 82 160 101 183
HSIL 0.3118 74 96 94 119
HSIL 0.3118 122 192 142 215
HSIL 0.3116 159 46 223 173
HSIL 0.3115 74 168 93 191
HSIL 0.3111 122 144 142 167
HSIL 0.3111 58 184 78 207
HSIL 0.3109 185 112 206 135
HSIL 0.3109 74 152 94 175
HSIL 0.3106 77 108 107 139
HSIL 0.3105 74 184 94 207
HSIL 0.3102 117 171 147 204
HSIL 0.3098 9 0 30 23
HSIL 0.3097 90 184 109 207
HSIL 0.3095 146 88 166 111
HSIL 0.3095 10 32 30 55
HSIL 0.3094 98 136 117 159
HSIL 0.3093 66 176 86 199
HSIL 0.3087 162 95 182 119
HSIL 0.3086 82 136 101 159
HSIL 0.3086 58 96 77 119
HSIL 0.3085 10 48 30 71
HSIL 0.3084 114 120 134 143
HSIL 0.3082 185 128 207 151
HSIL 0.3082 90 168 109 191
HSIL 0.3082 181 190 211 217
HSIL 0.3078 98 152 117 175
HSIL 0.3077 138 112 158 135
HSIL 0.3076 10 16 30 39
HSIL 0.3073 137 159 158 184
HSIL 0.3073 106 128 126 151
HSIL 0.3073 106 144 126 167
HSIL 0.3072 50 72 69 95
HSIL 0.3068 2 79 21 104
HSIL 0.3066 82 8 101 31
HSIL 0.3065 66 192 86 215
HSIL 0.3058 50 88 69 111
HSIL 0.3057 106 176 126 199
HSIL 0.3054 152 23 176 48
HSIL 0.3054 10 64 30 87
HSIL 0.3049 66 128 86 151
HSIL 0.3049 116 3 147 36
HSIL 0.3048 106 192 126 215
HSIL 0.3047 185 143 207 167
HSIL 0.3046 50 8 69 31
HSIL 0.3045 137 24 158 47
HSIL 0.3045 0 91 26 123
HSIL 0.3044 137 191 158 215
HSIL 0.3040 74 200 94 223
HSIL 0.3038 42 48 61 71
HSIL 0.3036 154 112 173 135
HSIL 0.3031 114 136 134 159
HSIL 0.3031 29 28 59 59
HSIL 0.3031 146 104 165 127
HSIL 0.3030 66 104 85 127
HSIL 0.3026 146 128 166 151
HSIL 0.3022 18 8 37 31
HSIL 0.3019 90 0 109 23
HSIL 0.3018 18 40 37 63
HSIL 0.3007 162 120 181 143
HSIL 0.3006 114 200 134 223
HSIL 0.3006 18 56 37 79
HSIL 0.3004 106 0 126 23
HSIL 0.3003 42 64 61 87
HSIL 0.3002 18 24 37 47
HSIL 0.3001 26 48 45 71
