LSIL 0.3078 3 4 44 37
HSIL 0.5715 141 129 209 201
HSIL 0.4653 147 169 191 220
HSIL 0.4597 170 160 219 200
HSIL 0.4581 3 5 32 36
HSIL 0.4568 152 89 176 124
HSIL 0.4545 127 54 221 186
HSIL 0.4500 149 151 180 193
HSIL 0.4352 147 92 190 149
HSIL 0.4270 56 189 78 217
HSIL 0.4244 140 134 172 174
HSIL 0.4215 143 172 171 201
HSIL 0.4165 41 86 190 201
HSIL 0.4113 157 76 184 108
HSIL 0.4071 170 110 223 165
HSIL 0.4012 107 157 166 207
HSIL 0.4002 164 192 203 223
HSIL 0.3960 104 182 125 206
HSIL 0.3923 135 124 163 155
HSIL 0.3903 162 144 197 186
HSIL 0.3896 200 77 221 105
HSIL 0.3895 144 78 169 105
HSIL 0.3835 35 187 70 219
HSIL 0.3825 166 91 191 123
HSIL 0.3806 136 156 161 186
HSIL 0.3806 125 137 156 172
HSIL 0.3800 54 169 82 206
HSIL 0.3778 130 191 175 223
HSIL 0.3777 0 0 89 48
HSIL 0.3773 55 0 166 106
HSIL 0.3752 22 186 48 220
HSIL 0.3743 180 136 210 175
HSIL 0.3737 177 79 223 128
HSIL 0.3736 192 176 223 223
HSIL 0.3707 120 51 174 111
HSIL 0.3697 19 112 79 175
HSIL 0.3654 2 23 44 84
HSIL 0.3653 83 81 144 143
HSIL 0.3626 144 107 169 139
HSIL 0.3621 132 90 165 124
HSIL 0.3612 15 170 42 205
HSIL 0.3605 108 188 138 217
HSIL 0.3601 0 122 101 223
HSIL 0.3599 34 30 77 80
HSIL 0.3586 0 51 99 171
HSIL 0.3564 86 0 139 47
HSIL 0.3559 19 45 61 97
HSIL 0.3557 51 15 92 64
HSIL 0.3534 51 46 93 97
HSIL 0.3531 35 62 76 113
HSIL 0.3518 67 30 109 80
HSIL 0.3505 46 204 74 223
HSIL 0.3498 67 62 108 112
HSIL 0.3496 29 172 58 203
HSIL 0.3487 50 78 112 144
HSIL 0.3476 2 62 43 113
HSIL 0.3460 137 182 160 208
HSIL 0.3458 199 10 223 45
HSIL 0.3457 59 201 92 223
HSIL 0.3446 83 46 125 96
HSIL 0.3439 101 163 129 197
HSIL 0.3428 198 154 223 189
HSIL 0.3402 117 0 170 47
HSIL 0.3401 18 78 61 129
HSIL 0.3399 184 86 209 113
HSIL 0.3383 70 2 106 44
HSIL 0.3375 92 193 124 223
HSIL 0.3370 99 63 141 112
HSIL 0.3369 6 189 35 218
HSIL 0.3367 101 116 140 156
HSIL 0.3364 38 98 73 140
HSIL 0.3360 180 46 221 97
HSIL 0.3360 99 30 140 80
HSIL 0.3353 2 93 42 146
HSIL 0.3342 150 50 186 94
HSIL 0.3327 154 133 187 161
HSIL 0.3326 22 156 50 188
HSIL 0.3317 37 147 75 189
HSIL 0.3311 52 110 92 162
HSIL 0.3302 202 30 221 57
HSIL 0.3298 202 0 221 24
HSIL 0.3289 201 61 222 90
HSIL 0.3282 0 35 24 67
HSIL 0.3279 201 142 222 169
HSIL 0.3278 116 174 147 201
HSIL 0.3249 175 181 200 209
HSIL 0.3247 124 107 156 140
HSIL 0.3244 209 190 223 217
HSIL 0.3243 0 50 23 92
HSIL 0.3239 184 125 208 153
HSIL 0.3238 121 127 143 151
HSIL 0.3237 184 70 208 96
HSIL 0.3232 3 124 41 179
HSIL 0.3222 197 123 223 156
HSIL 0.3183 128 0 223 107
HSIL 0.3179 184 17 218 61
HSIL 0.3169 18 206 38 223
HSIL 0.3162 1 79 21 104
HSIL 0.3159 176 79 200 103
HSIL 0.3155 69 187 98 217
HSIL 0.3148 66 125 109 179
HSIL 0.3139 134 35 170 76
HSIL 0.3131 9 159 30 183
HSIL 0.3125 55 0 89 27
HSIL 0.3125 165 2 203 44
HSIL 0.3125 10 111 30 135
HSIL 0.3122 202 46 221 73
HSIL 0.3115 165 34 203 77
HSIL 0.3114 117 158 147 185
HSIL 0.3113 29 205 58 223
HSIL 0.3110 9 127 30 151
HSIL 0.3106 150 18 185 60
HSIL 0.3104 50 40 70 63
HSIL 0.3103 169 71 190 96
HSIL 0.3103 209 174 223 201
HSIL 0.3102 62 156 90 188
HSIL 0.3098 201 206 222 223
HSIL 0.3096 18 152 38 175
HSIL 0.3096 1 95 22 120
HSIL 0.3094 58 32 77 55
HSIL 0.3090 1 119 22 144
HSIL 0.3086 10 144 30 167
HSIL 0.3083 2 135 22 160
HSIL 0.3082 10 72 30 95
HSIL 0.3079 194 39 214 64
HSIL 0.3076 10 88 30 111
HSIL 0.3063 203 91 223 124
HSIL 0.3059 1 151 22 176
HSIL 0.3059 18 120 37 143
HSIL 0.3056 0 171 27 204
HSIL 0.3055 42 32 62 55
HSIL 0.3049 42 48 61 71
HSIL 0.3045 21 27 51 60
HSIL 0.3033 18 104 37 127
HSIL 0.3032 58 48 77 71
HSIL 0.3026 50 56 69 79
HSIL 0.3026 34 152 53 175
HSIL 0.3024 9 55 30 80
HSIL 0.3019 26 112 45 135
HSIL 0.3015 180 0 211 27
HSIL 0.3015 137 72 158 95
HSIL 0.3013 26 144 45 167
HSIL 0.3010 66 40 85 63
HSIL 0.3008 18 136 38 159
HSIL 0.3007 50 24 70 47
HSIL 0.3003 174 116 199 146
HSIL 0.3001 122 200 142 223
HSIL 0.3000 76 177 123 212
