HSIL 0.6266 11 41 110 142
HSIL 0.4987 35 90 85 135
HSIL 0.4838 60 108 111 159
HSIL 0.4790 72 71 131 132
HSIL 0.4722 34 122 80 176
HSIL 0.4696 17 112 68 153
HSIL 0.4689 53 52 111 101
HSIL 0.4411 50 139 94 191
HSIL 0.4405 0 108 108 223
HSIL 0.4399 32 67 188 213
HSIL 0.4394 98 96 141 141
HSIL 0.4391 79 125 127 175
HSIL 0.4367 78 68 104 99
HSIL 0.4344 36 69 70 112
HSIL 0.4305 46 116 72 144
HSIL 0.4277 109 77 163 128
HSIL 0.4247 125 112 153 151
HSIL 0.4209 93 47 144 99
HSIL 0.4188 0 69 55 134
HSIL 0.4158 119 131 145 161
HSIL 0.4144 18 139 63 192
HSIL 0.4118 141 86 169 127
HSIL 0.4105 75 20 210 143
HSIL 0.4083 60 108 88 136
HSIL 0.4064 68 79 100 117
HSIL 0.4063 115 112 176 176
HSIL 0.4060 3 123 47 175
HSIL 0.4054 146 50 208 112
HSIL 0.4050 85 82 113 115
HSIL 0.4050 84 147 143 210
HSIL 0.4046 82 39 123 77
HSIL 0.3989 66 155 110 210
HSIL 0.3963 35 154 78 211
HSIL 0.3935 146 96 189 142
HSIL 0.3923 113 17 176 81
HSIL 0.3913 111 118 137 145
HSIL 0.3882 127 92 153 123
HSIL 0.3871 95 70 119 96
HSIL 0.3858 48 133 71 161
HSIL 0.3850 150 113 206 177
HSIL 0.3829 113 142 135 168
HSIL 0.3797 4 52 45 95
HSIL 0.3778 64 126 87 152
HSIL 0.3774 76 98 107 132
HSIL 0.3759 68 53 96 83
HSIL 0.3722 104 134 128 160
HSIL 0.3707 51 173 93 223
HSIL 0.3701 132 132 162 162
HSIL 0.3696 117 144 156 189
HSIL 0.3695 72 119 96 143
HSIL 0.3694 0 0 61 108
HSIL 0.3693 199 25 223 61
HSIL 0.3690 110 45 137 72
HSIL 0.3684 0 174 49 223
HSIL 0.3679 136 78 162 106
HSIL 0.3669 199 58 223 93
HSIL 0.3665 77 147 106 179
HSIL 0.3663 32 133 56 161
HSIL 0.3658 190 74 219 109
HSIL 0.3656 93 115 123 148
HSIL 0.3655 141 116 170 146
HSIL 0.3651 99 83 132 116
HSIL 0.3642 148 0 205 48
HSIL 0.3640 104 62 127 89
HSIL 0.3615 57 142 79 168
HSIL 0.3614 133 49 171 97
HSIL 0.3606 86 178 122 220
HSIL 0.3596 29 59 59 92
HSIL 0.3595 0 96 30 141
HSIL 0.3584 81 126 103 152
HSIL 0.3580 89 135 111 160
HSIL 0.3576 202 13 221 42
HSIL 0.3574 97 143 119 168
HSIL 0.3564 65 159 86 184
HSIL 0.3555 199 90 223 124
HSIL 0.3541 104 103 127 128
HSIL 0.3536 73 135 95 160
HSIL 0.3531 201 45 222 74
HSIL 0.3524 101 155 131 188
HSIL 0.3520 71 166 97 193
HSIL 0.3512 154 83 190 116
HSIL 0.3502 33 151 54 176
HSIL 0.3493 38 47 83 88
HSIL 0.3482 16 149 39 176
HSIL 0.3479 49 151 71 175
HSIL 0.3468 23 158 49 185
HSIL 0.3464 39 158 65 185
HSIL 0.3459 89 175 111 200
HSIL 0.3449 55 166 81 193
HSIL 0.3438 62 17 110 67
HSIL 0.3432 114 172 158 223
HSIL 0.3423 65 175 86 200
HSIL 0.3422 1 47 22 72
HSIL 0.3421 199 114 223 149
HSIL 0.3418 14 118 41 144
HSIL 0.3410 105 191 126 215
HSIL 0.3409 140 3 170 35
HSIL 0.3409 161 110 182 136
HSIL 0.3401 113 71 134 95
HSIL 0.3400 140 145 171 181
HSIL 0.3398 81 183 103 208
HSIL 0.3397 117 61 146 90
HSIL 0.3386 181 93 211 122
HSIL 0.3383 102 174 129 201
HSIL 0.3359 198 186 223 220
HSIL 0.3355 182 61 210 89
HSIL 0.3353 130 161 175 204
HSIL 0.3353 73 191 94 215
HSIL 0.3352 9 158 31 185
HSIL 0.3350 119 147 223 223
HSIL 0.3348 119 79 145 104
HSIL 0.3347 194 7 214 32
HSIL 0.3346 49 175 70 199
HSIL 0.3345 98 14 141 66
HSIL 0.3340 173 76 202 107
HSIL 0.3330 57 183 78 207
HSIL 0.3323 152 70 174 97
HSIL 0.3317 198 138 223 173
HSIL 0.3313 7 38 33 65
HSIL 0.3312 37 187 67 219
HSIL 0.3306 34 167 54 191
HSIL 0.3300 148 129 179 166
HSIL 0.3289 202 0 221 24
HSIL 0.3284 182 30 210 57
HSIL 0.3282 124 43 155 75
HSIL 0.3269 169 103 190 128
HSIL 0.3260 180 42 212 76
HSIL 0.3259 98 199 118 223
HSIL 0.3252 0 125 25 153
HSIL 0.3249 1 149 24 176
HSIL 0.3240 0 166 24 193
HSIL 0.3238 1 191 22 216
HSIL 0.3237 209 78 223 105
HSIL 0.3225 78 199 105 223
HSIL 0.3216 113 184 134 207
HSIL 0.3211 118 2 155 43
HSIL 0.3208 179 106 212 141
HSIL 0.3207 17 167 38 191
HSIL 0.3199 164 122 195 157
HSIL 0.3188 201 158 221 184
HSIL 0.3176 9 175 30 199
HSIL 0.3176 122 192 142 215
HSIL 0.3170 137 191 158 215
HSIL 0.3166 129 167 150 191
HSIL 0.3164 66 200 86 223
HSIL 0.3163 149 33 188 79
HSIL 0.3161 113 31 135 56
HSIL 0.3160 26 192 46 215
HSIL 0.3155 182 14 210 41
HSIL 0.3154 1 30 22 57
HSIL 0.3150 201 174 221 201
HSIL 0.3145 26 176 46 199
HSIL 0.3142 145 55 166 80
HSIL 0.3140 122 176 142 199
HSIL 0.3137 130 183 150 207
HSIL 0.3132 138 175 158 200
HSIL 0.3130 23 0 134 72
HSIL 0.3123 114 200 134 223
HSIL 0.3113 154 15 174 39
HSIL 0.3107 153 179 202 223
HSIL 0.3104 9 200 30 223
HSIL 0.3092 18 184 38 207
HSIL 0.3082 129 31 150 56
HSIL 0.3082 171 10 223 85
HSIL 0.3076 145 166 166 192
HSIL 0.3075 7 72 35 111
HSIL 0.3065 178 128 213 167
HSIL 0.3064 20 91 51 123
HSIL 0.3061 97 31 119 57
HSIL 0.3057 130 200 150 223
HSIL 0.3045 150 190 177 217
HSIL 0.3038 21 46 50 74
HSIL 0.3037 186 0 206 23
HSIL 0.3035 161 64 182 87
HSIL 0.3028 162 8 182 31
HSIL 0.3027 145 182 166 208
HSIL 0.3024 138 23 158 47
HSIL 0.3018 181 189 211 217
HSIL 0.3011 179 153 213 190
HSIL 0.3003 154 48 174 71
