LSIL 0.3396 177 142 223 210
LSIL 0.3032 186 182 223 223
HSIL 0.6076 24 3 106 62
HSIL 0.4857 60 31 106 69
HSIL 0.4845 0 0 121 177
HSIL 0.4843 72 8 131 66
HSIL 0.4833 43 40 96 97
HSIL 0.4804 21 31 69 71
HSIL 0.4615 80 46 126 95
HSIL 0.4511 65 60 110 112
HSIL 0.4499 22 18 51 51
HSIL 0.4469 95 29 142 81
HSIL 0.4396 25 115 76 177
HSIL 0.4382 58 0 107 32
HSIL 0.4375 2 45 47 94
HSIL 0.4360 18 58 65 115
HSIL 0.4330 20 84 81 146
HSIL 0.4301 59 117 105 175
HSIL 0.4226 47 67 169 223
HSIL 0.4209 29 148 74 208
HSIL 0.4206 53 87 110 144
HSIL 0.4198 0 146 50 207
HSIL 0.4190 92 118 136 174
HSIL 0.4133 88 87 140 144
HSIL 0.4107 34 11 69 47
HSIL 0.4084 96 61 143 113
HSIL 0.4055 3 25 38 60
HSIL 0.4041 121 85 173 144
HSIL 0.4037 114 19 173 78
HSIL 0.4034 67 19 95 52
HSIL 0.4019 36 49 68 85
HSIL 0.4008 63 151 102 206
HSIL 0.3999 76 0 210 108
HSIL 0.3969 125 119 168 174
HSIL 0.3955 118 51 175 112
HSIL 0.3923 148 18 206 80
HSIL 0.3917 54 44 81 73
HSIL 0.3840 95 151 133 206
HSIL 0.3815 12 3 44 36
HSIL 0.3811 86 29 114 57
HSIL 0.3796 151 50 204 113
HSIL 0.3777 54 60 82 90
HSIL 0.3773 16 46 40 72
HSIL 0.3753 115 4 155 45
HSIL 0.3753 85 13 114 42
HSIL 0.3748 114 39 223 185
HSIL 0.3733 154 84 201 143
HSIL 0.3714 44 74 75 109
HSIL 0.3691 140 161 155 184
HSIL 0.3680 140 145 155 169
HSIL 0.3672 62 77 89 105
HSIL 0.3672 80 46 103 72
HSIL 0.3669 124 161 140 184
HSIL 0.3667 156 145 172 168
HSIL 0.3662 100 11 131 44
HSIL 0.3658 156 161 172 184
HSIL 0.3653 76 161 92 184
HSIL 0.3648 108 161 124 184
HSIL 0.3648 92 161 108 184
HSIL 0.3642 60 161 76 184
HSIL 0.3641 86 78 113 105
HSIL 0.3631 105 31 127 56
HSIL 0.3627 31 69 57 97
HSIL 0.3615 43 161 60 184
HSIL 0.3606 2 74 47 131
HSIL 0.3604 105 63 127 88
HSIL 0.3603 105 47 127 72
HSIL 0.3603 123 145 140 169
HSIL 0.3599 75 177 92 200
HSIL 0.3599 128 152 165 206
HSIL 0.3595 199 10 223 45
HSIL 0.3595 38 90 66 125
HSIL 0.3582 107 177 124 200
HSIL 0.3576 171 145 188 168
HSIL 0.3576 59 177 76 200
HSIL 0.3574 139 177 156 200
HSIL 0.3571 91 177 108 200
HSIL 0.3568 123 177 140 200
HSIL 0.3567 72 62 95 89
HSIL 0.3554 107 145 124 169
HSIL 0.3554 155 129 172 152
HSIL 0.3552 43 177 60 200
HSIL 0.3550 105 79 127 104
HSIL 0.3534 75 145 92 169
HSIL 0.3531 89 62 111 88
HSIL 0.3530 0 10 28 44
HSIL 0.3524 157 118 197 173
HSIL 0.3522 171 161 188 184
HSIL 0.3521 91 145 108 169
HSIL 0.3520 199 33 223 70
HSIL 0.3518 59 145 76 169
HSIL 0.3517 0 45 25 74
HSIL 0.3514 113 55 134 79
HSIL 0.3513 113 39 134 64
HSIL 0.3509 17 62 39 88
HSIL 0.3507 97 55 119 80
HSIL 0.3504 14 77 41 105
HSIL 0.3504 43 145 60 169
HSIL 0.3503 155 177 172 200
HSIL 0.3502 118 62 145 89
HSIL 0.3499 27 161 44 184
HSIL 0.3496 171 129 188 152
HSIL 0.3494 139 129 156 152
HSIL 0.3489 118 46 145 73
HSIL 0.3485 78 92 105 122
HSIL 0.3482 0 66 26 100
HSIL 0.3481 27 0 61 29
HSIL 0.3465 53 92 82 122
HSIL 0.3457 129 136 148 158
HSIL 0.3435 33 151 52 174
HSIL 0.3425 118 78 145 105
HSIL 0.3425 118 30 145 57
HSIL 0.3412 27 177 44 200
HSIL 0.3400 24 93 48 121
HSIL 0.3388 113 136 132 158
HSIL 0.3384 94 93 121 122
HSIL 0.3383 161 120 180 142
HSIL 0.3377 171 112 188 136
HSIL 0.3363 109 0 138 27
HSIL 0.3363 171 176 188 200
HSIL 0.3362 0 103 26 144
HSIL 0.3357 155 112 172 137
HSIL 0.3351 202 0 221 23
HSIL 0.3348 132 43 163 76
HSIL 0.3348 9 94 31 121
HSIL 0.3348 97 136 116 158
HSIL 0.3342 145 119 164 142
HSIL 0.3340 65 136 84 158
HSIL 0.3333 1 86 22 113
HSIL 0.3331 81 136 101 158
HSIL 0.3320 188 48 219 86
HSIL 0.3318 49 136 69 158
HSIL 0.3311 75 192 93 216
HSIL 0.3308 134 62 161 89
HSIL 0.3303 59 192 77 216
HSIL 0.3302 107 128 124 152
HSIL 0.3300 88 0 111 24
HSIL 0.3293 91 192 109 216
HSIL 0.3289 33 135 53 159
HSIL 0.3288 42 109 62 137
HSIL 0.3286 129 119 149 142
HSIL 0.3283 106 192 125 216
HSIL 0.3280 2 130 47 170
HSIL 0.3280 123 192 141 216
HSIL 0.3273 176 136 197 158
HSIL 0.3267 149 43 179 76
HSIL 0.3264 176 152 197 174
HSIL 0.3263 42 192 61 216
HSIL 0.3255 138 192 157 216
HSIL 0.3251 32 118 53 144
HSIL 0.3250 48 118 69 144
HSIL 0.3249 139 112 157 137
HSIL 0.3247 54 109 81 138
HSIL 0.3247 17 151 37 175
HSIL 0.3247 10 160 29 185
HSIL 0.3245 187 144 205 168
HSIL 0.3242 135 78 161 106
HSIL 0.3240 110 93 137 122
HSIL 0.3236 75 128 93 152
HSIL 0.3233 179 25 213 61
HSIL 0.3231 91 128 109 152
HSIL 0.3231 177 120 197 142
HSIL 0.3225 187 128 205 152
HSIL 0.3223 137 31 158 55
HSIL 0.3220 113 119 133 143
HSIL 0.3220 11 112 43 150
HSIL 0.3218 161 103 181 126
HSIL 0.3212 59 128 77 153
HSIL 0.3207 10 176 29 201
HSIL 0.3203 154 192 173 216
HSIL 0.3201 197 65 223 103
HSIL 0.3195 42 128 61 153
HSIL 0.3193 151 61 177 90
HSIL 0.3191 97 119 117 143
HSIL 0.3185 170 96 189 120
HSIL 0.3180 130 24 150 47
HSIL 0.3180 145 103 165 127
HSIL 0.3177 81 119 101 143
HSIL 0.3175 17 135 37 159
HSIL 0.3174 180 3 212 36
HSIL 0.3173 149 3 187 45
HSIL 0.3168 186 160 205 184
HSIL 0.3166 0 0 25 24
HSIL 0.3162 129 103 149 128
HSIL 0.3160 26 127 45 153
HSIL 0.3157 160 183 181 206
HSIL 0.3150 26 192 45 216
HSIL 0.3143 153 31 174 55
HSIL 0.3143 154 96 173 120
HSIL 0.3141 122 112 141 137
HSIL 0.3140 176 168 197 190
HSIL 0.3136 161 162 207 200
HSIL 0.3133 197 186 223 220
HSIL 0.3130 73 111 94 137
HSIL 0.3129 130 8 150 31
HSIL 0.3121 186 112 205 136
HSIL 0.3120 177 104 197 126
HSIL 0.3110 90 111 109 137
HSIL 0.3108 106 111 125 137
HSIL 0.3103 208 54 223 81
HSIL 0.3103 138 16 158 39
HSIL 0.3093 170 192 189 215
HSIL 0.3091 146 24 166 47
HSIL 0.3088 138 95 157 121
HSIL 0.3086 161 87 181 111
HSIL 0.3069 0 29 17 57
HSIL 0.3063 169 31 190 56
HSIL 0.3057 138 0 157 23
HSIL 0.3056 186 176 205 200
HSIL 0.3055 166 46 193 73
HSIL 0.3051 154 79 173 105
HSIL 0.3031 201 175 221 200
HSIL 0.3025 146 8 165 31
HSIL 0.3022 170 80 189 104
HSIL 0.3017 202 95 221 120
HSIL 0.3017 162 24 182 47
HSIL 0.3017 154 16 174 39
HSIL 0.3017 10 191 30 216
HSIL 0.3004 186 95 206 120
HSIL 0.3001 177 88 197 111
HSIL 0.3001 202 143 221 168
