HSIL 0.6412 57 26 132 114
HSIL 0.4933 67 72 114 122
HSIL 0.4872 79 90 126 144
HSIL 0.4826 0 25 148 186
HSIL 0.4811 62 52 89 98
HSIL 0.4777 104 58 163 113
HSIL 0.4747 51 92 98 143
HSIL 0.4679 88 43 140 79
HSIL 0.4643 68 41 103 78
HSIL 0.4634 27 57 89 114
HSIL 0.4628 11 19 103 86
HSIL 0.4591 161 183 184 207
HSIL 0.4579 0 110 109 223
HSIL 0.4575 52 115 113 178
HSIL 0.4537 88 61 123 103
HSIL 0.4525 111 94 158 143
HSIL 0.4495 54 74 83 107
HSIL 0.4474 78 84 105 110
HSIL 0.4473 97 108 141 159
HSIL 0.4447 0 144 51 208
HSIL 0.4430 55 43 82 76
HSIL 0.4428 93 17 178 85
HSIL 0.4355 44 59 77 91
HSIL 0.4322 73 0 145 52
HSIL 0.4314 97 24 139 61
HSIL 0.4311 86 145 141 208
HSIL 0.4303 127 78 174 128
HSIL 0.4257 1 165 21 191
HSIL 0.4213 131 50 170 93
HSIL 0.4207 161 163 203 207
HSIL 0.4191 93 85 120 111
HSIL 0.4182 118 146 173 208
HSIL 0.4162 34 107 80 160
HSIL 0.4130 82 77 205 213
HSIL 0.4123 20 81 64 123
HSIL 0.4118 159 195 185 223
HSIL 0.4115 172 188 202 216
HSIL 0.4112 0 51 51 110
HSIL 0.4105 75 29 108 61
HSIL 0.4071 108 60 138 91
HSIL 0.4005 141 187 172 219
HSIL 0.3999 24 176 79 223
HSIL 0.3993 56 93 80 121
HSIL 0.3989 113 123 159 179
HSIL 0.3981 80 100 104 131
HSIL 0.3967 7 172 31 201
HSIL 0.3965 93 39 119 64
HSIL 0.3964 144 61 190 113
HSIL 0.3956 84 121 115 157
HSIL 0.3920 144 16 206 79
HSIL 0.3910 148 161 180 198
HSIL 0.3904 111 77 136 105
HSIL 0.3900 127 113 175 157
HSIL 0.3894 39 78 64 104
HSIL 0.3888 111 22 223 140
HSIL 0.3887 101 92 130 122
HSIL 0.3872 6 146 33 181
HSIL 0.3858 145 94 191 144
HSIL 0.3855 199 90 223 124
HSIL 0.3853 2 93 46 145
HSIL 0.3845 199 137 223 173
HSIL 0.3844 15 122 66 181
HSIL 0.3839 28 59 59 92
HSIL 0.3837 148 112 208 177
HSIL 0.3818 64 31 88 57
HSIL 0.3814 35 42 69 76
HSIL 0.3783 60 122 91 157
HSIL 0.3781 96 109 119 137
HSIL 0.3773 92 138 123 173
HSIL 0.3769 199 114 223 149
HSIL 0.3769 145 69 166 96
HSIL 0.3763 57 178 107 223
HSIL 0.3745 22 0 77 44
HSIL 0.3740 56 110 79 137
HSIL 0.3740 202 78 221 105
HSIL 0.3737 104 126 127 152
HSIL 0.3734 162 78 206 129
HSIL 0.3730 126 77 153 105
HSIL 0.3727 52 138 83 173
HSIL 0.3725 68 145 107 189
HSIL 0.3724 34 22 80 60
HSIL 0.3718 190 154 219 189
HSIL 0.3699 132 20 170 61
HSIL 0.3696 121 110 143 136
HSIL 0.3689 118 125 145 153
HSIL 0.3688 182 97 219 142
HSIL 0.3678 0 102 23 129
HSIL 0.3673 151 54 174 81
HSIL 0.3667 121 94 143 120
HSIL 0.3662 199 58 223 93
HSIL 0.3658 49 126 71 152
HSIL 0.3639 5 120 35 158
HSIL 0.3636 33 87 55 112
HSIL 0.3635 21 125 49 154
HSIL 0.3634 182 66 219 109
HSIL 0.3630 38 101 66 129
HSIL 0.3628 136 94 159 120
HSIL 0.3627 36 146 76 189
HSIL 0.3625 129 103 150 128
HSIL 0.3620 199 171 223 204
HSIL 0.3620 183 174 208 200
HSIL 0.3612 111 142 137 169
HSIL 0.3610 189 187 219 219
HSIL 0.3606 116 177 156 220
HSIL 0.3601 8 110 31 136
HSIL 0.3599 164 50 203 92
HSIL 0.3598 137 111 159 136
HSIL 0.3594 25 79 47 104
HSIL 0.3587 5 35 44 77
HSIL 0.3581 199 4 223 35
HSIL 0.3577 116 154 147 188
HSIL 0.3570 22 110 50 137
HSIL 0.3563 22 141 49 170
HSIL 0.3563 73 142 95 168
HSIL 0.3559 202 47 221 72
HSIL 0.3556 41 119 63 144
HSIL 0.3548 153 78 174 104
HSIL 0.3548 102 157 130 185
HSIL 0.3539 180 130 212 164
HSIL 0.3538 41 142 64 168
HSIL 0.3538 145 87 166 112
HSIL 0.3532 89 158 111 184
HSIL 0.3527 109 170 138 204
HSIL 0.3524 0 185 25 221
HSIL 0.3518 137 127 158 151
HSIL 0.3514 119 46 143 73
HSIL 0.3505 9 95 31 120
HSIL 0.3503 126 142 153 169
HSIL 0.3491 25 95 47 120
HSIL 0.3491 133 173 163 201
HSIL 0.3489 2 0 45 49
HSIL 0.3488 141 139 171 172
HSIL 0.3483 116 5 153 44
HSIL 0.3477 142 102 169 128
HSIL 0.3472 199 27 223 60
HSIL 0.3467 134 158 161 185
HSIL 0.3461 179 29 221 81
HSIL 0.3460 100 187 132 220
HSIL 0.3455 161 63 182 87
HSIL 0.3446 0 149 16 178
HSIL 0.3446 0 75 26 108
HSIL 0.3436 153 111 174 135
HSIL 0.3430 21 157 50 186
HSIL 0.3430 153 95 174 120
HSIL 0.3427 145 119 166 143
HSIL 0.3415 14 62 42 89
HSIL 0.3411 84 169 116 205
HSIL 0.3394 56 157 79 185
HSIL 0.3392 144 39 166 65
HSIL 0.3391 169 158 190 185
HSIL 0.3390 151 126 177 153
HSIL 0.3386 17 87 39 111
HSIL 0.3384 0 51 26 84
HSIL 0.3378 185 95 207 119
HSIL 0.3377 25 47 47 72
HSIL 0.3355 147 0 189 49
HSIL 0.3354 16 182 39 208
HSIL 0.3333 0 27 26 60
HSIL 0.3331 33 31 54 56
HSIL 0.3325 173 0 223 51
HSIL 0.3321 161 104 182 127
HSIL 0.3313 25 174 47 200
HSIL 0.3312 209 158 223 185
HSIL 0.3304 158 46 185 73
HSIL 0.3299 162 120 182 143
HSIL 0.3298 0 14 24 41
HSIL 0.3297 33 15 54 39
HSIL 0.3283 162 88 182 111
HSIL 0.3276 30 189 57 217
HSIL 0.3272 70 173 97 202
HSIL 0.3269 162 144 182 167
HSIL 0.3268 89 191 111 216
HSIL 0.3261 185 63 207 87
HSIL 0.3258 172 115 204 148
HSIL 0.3257 41 23 62 47
HSIL 0.3247 51 169 85 206
HSIL 0.3236 57 23 78 47
HSIL 0.3234 38 173 66 202
HSIL 0.3228 129 200 150 223
HSIL 0.3215 170 96 190 119
HSIL 0.3214 23 22 49 48
HSIL 0.3213 182 7 210 32
HSIL 0.3207 1 0 21 23
HSIL 0.3202 17 32 38 55
HSIL 0.3191 73 190 94 216
HSIL 0.3190 177 151 199 176
HSIL 0.3189 170 80 190 103
HSIL 0.3185 209 190 223 216
HSIL 0.3185 177 104 198 127
HSIL 0.3181 26 8 46 31
HSIL 0.3179 9 8 30 31
HSIL 0.3176 53 189 82 217
HSIL 0.3168 169 136 190 159
HSIL 0.3166 34 0 54 23
HSIL 0.3164 185 48 206 71
HSIL 0.3158 153 32 174 55
HSIL 0.3152 42 8 62 31
HSIL 0.3149 177 88 198 111
HSIL 0.3146 17 15 38 39
HSIL 0.3140 50 16 70 39
HSIL 0.3135 12 195 43 223
HSIL 0.3132 145 207 167 223
HSIL 0.3122 0 116 18 146
HSIL 0.3120 169 56 190 79
HSIL 0.3120 137 15 158 40
HSIL 0.3117 68 11 100 44
HSIL 0.3097 178 72 198 95
HSIL 0.3092 146 24 166 47
HSIL 0.3077 165 0 194 26
HSIL 0.3063 86 13 114 42
HSIL 0.3062 185 32 206 55
HSIL 0.3062 18 0 38 23
HSIL 0.3062 141 0 170 27
HSIL 0.3055 194 207 214 223
HSIL 0.3051 50 0 69 23
HSIL 0.3041 81 199 102 223
HSIL 0.3039 102 12 131 41
HSIL 0.3021 41 199 62 223
HSIL 0.3019 170 40 190 63
HSIL 0.3005 0 133 18 162
HSIL 0.3002 193 0 215 16
HSIL 0.3001 58 8 77 31
