HSIL 0.6611 0 6 72 116
HSIL 0.5007 11 59 58 103
HSIL 0.4839 25 76 79 126
HSIL 0.4785 38 37 100 102
HSIL 0.4705 4 89 47 145
HSIL 0.4554 24 26 75 64
HSIL 0.4464 0 31 163 179
HSIL 0.4454 48 94 95 142
HSIL 0.4448 66 63 109 110
HSIL 0.4365 13 82 43 114
HSIL 0.4360 4 38 37 80
HSIL 0.4339 20 112 60 155
HSIL 0.4336 76 46 133 96
HSIL 0.4324 53 43 80 75
HSIL 0.4306 76 0 211 110
HSIL 0.4298 95 92 118 123
HSIL 0.4265 115 51 177 112
HSIL 0.4228 62 16 111 67
HSIL 0.4204 101 72 130 110
HSIL 0.4157 85 104 116 140
HSIL 0.4149 110 56 137 92
HSIL 0.4143 83 82 144 143
HSIL 0.4137 118 82 176 145
HSIL 0.4115 86 114 143 176
HSIL 0.4104 0 109 103 223
HSIL 0.4085 77 72 207 216
HSIL 0.4071 46 4 95 49
HSIL 0.4046 56 146 108 207
HSIL 0.4039 53 117 112 176
HSIL 0.4003 0 142 49 208
HSIL 0.3988 29 85 56 112
HSIL 0.3982 34 47 68 87
HSIL 0.3964 89 148 140 208
HSIL 0.3947 122 116 172 176
HSIL 0.3940 111 37 155 80
HSIL 0.3933 88 77 113 105
HSIL 0.3920 34 122 78 179
HSIL 0.3918 115 0 175 48
HSIL 0.3890 79 94 106 120
HSIL 0.3889 149 18 203 80
HSIL 0.3878 0 85 27 112
HSIL 0.3873 151 51 203 112
HSIL 0.3836 103 108 127 137
HSIL 0.3810 16 101 39 129
HSIL 0.3806 67 43 100 76
HSIL 0.3780 153 84 202 143
HSIL 0.3758 116 75 146 107
HSIL 0.3756 64 29 87 58
HSIL 0.3752 108 91 139 123
HSIL 0.3746 95 61 121 90
HSIL 0.3739 37 69 64 96
HSIL 0.3734 123 60 157 91
HSIL 0.3724 99 13 142 70
HSIL 0.3723 102 45 132 74
HSIL 0.3723 56 60 79 90
HSIL 0.3712 70 109 98 137
HSIL 0.3698 124 149 169 207
HSIL 0.3659 30 100 57 130
HSIL 0.3656 0 112 27 155
HSIL 0.3656 200 108 223 137
HSIL 0.3652 72 21 95 48
HSIL 0.3651 46 77 74 105
HSIL 0.3639 201 190 220 214
HSIL 0.3630 25 178 75 223
HSIL 0.3627 0 58 26 92
HSIL 0.3626 45 115 75 147
HSIL 0.3605 61 122 91 156
HSIL 0.3593 72 79 95 104
HSIL 0.3587 65 95 87 120
HSIL 0.3577 80 30 102 57
HSIL 0.3565 72 62 95 88
HSIL 0.3557 1 102 23 129
HSIL 0.3552 83 12 116 43
HSIL 0.3538 198 9 223 45
HSIL 0.3536 0 26 26 61
HSIL 0.3535 0 45 19 73
HSIL 0.3533 154 116 199 174
HSIL 0.3532 133 73 163 109
HSIL 0.3527 49 94 71 120
HSIL 0.3525 79 125 105 154
HSIL 0.3523 57 103 79 128
HSIL 0.3515 54 141 82 170
HSIL 0.3494 39 134 65 161
HSIL 0.3492 141 56 170 95
HSIL 0.3484 5 138 35 172
HSIL 0.3451 85 46 115 73
HSIL 0.3446 65 71 87 96
HSIL 0.3443 94 124 121 155
HSIL 0.3418 22 142 49 169
HSIL 0.3418 17 127 39 152
HSIL 0.3414 70 141 97 170
HSIL 0.3414 0 153 26 189
HSIL 0.3404 1 7 52 48
HSIL 0.3394 193 118 215 144
HSIL 0.3382 28 153 60 190
HSIL 0.3382 133 45 163 73
HSIL 0.3364 112 118 134 145
HSIL 0.3349 202 93 221 122
HSIL 0.3347 93 29 123 58
HSIL 0.3345 111 29 136 58
HSIL 0.3334 127 93 153 122
HSIL 0.3330 149 42 178 77
HSIL 0.3323 5 177 35 213
HSIL 0.3322 45 155 74 187
HSIL 0.3319 202 0 221 24
HSIL 0.3314 14 157 41 186
HSIL 0.3284 72 8 95 33
HSIL 0.3277 62 156 88 186
HSIL 0.3276 139 160 157 184
HSIL 0.3273 34 8 66 47
HSIL 0.3271 155 160 173 184
HSIL 0.3259 155 144 173 168
HSIL 0.3252 121 111 142 137
HSIL 0.3222 139 144 157 168
HSIL 0.3221 171 144 189 168
HSIL 0.3217 156 148 198 206
HSIL 0.3213 139 176 157 200
HSIL 0.3204 202 125 221 153
HSIL 0.3204 176 185 216 221
HSIL 0.3199 33 190 54 216
HSIL 0.3196 84 138 115 173
HSIL 0.3187 155 128 173 152
HSIL 0.3182 39 173 64 202
HSIL 0.3179 201 30 221 57
HSIL 0.3179 154 176 173 200
HSIL 0.3178 145 151 165 174
HSIL 0.3177 21 172 51 203
HSIL 0.3175 170 128 189 152
HSIL 0.3172 170 160 189 184
HSIL 0.3166 122 160 141 184
HSIL 0.3155 161 151 181 174
HSIL 0.3153 161 135 181 158
HSIL 0.3152 156 2 187 37
HSIL 0.3142 145 167 165 190
HSIL 0.3141 105 15 126 39
HSIL 0.3138 140 25 171 62
HSIL 0.3137 122 176 141 200
HSIL 0.3134 129 151 149 175
HSIL 0.3124 145 135 165 159
HSIL 0.3123 119 125 144 154
HSIL 0.3115 129 167 149 190
HSIL 0.3110 161 119 181 143
HSIL 0.3109 126 30 153 57
HSIL 0.3107 0 195 26 223
HSIL 0.3104 121 24 141 47
HSIL 0.3103 197 74 223 109
HSIL 0.3098 122 144 141 168
HSIL 0.3097 198 163 223 205
HSIL 0.3095 190 205 218 223
HSIL 0.3089 48 190 70 216
HSIL 0.3087 154 112 173 136
HSIL 0.3087 81 0 102 24
HSIL 0.3086 151 77 177 106
HSIL 0.3086 113 134 133 160
HSIL 0.3085 181 18 223 78
HSIL 0.3083 138 128 157 152
HSIL 0.3083 179 1 213 38
HSIL 0.3078 93 0 122 27
HSIL 0.3077 170 112 189 136
HSIL 0.3074 55 175 89 221
HSIL 0.3067 179 110 221 156
HSIL 0.3063 160 167 181 190
HSIL 0.3054 141 0 171 27
HSIL 0.3053 185 111 206 136
HSIL 0.3049 77 157 105 186
HSIL 0.3045 170 176 189 200
HSIL 0.3041 202 47 221 72
HSIL 0.3041 113 151 133 175
HSIL 0.3040 106 160 125 184
HSIL 0.3038 141 93 169 122
HSIL 0.3035 145 119 165 143
HSIL 0.3029 106 176 125 200
HSIL 0.3028 202 63 221 88
HSIL 0.3025 179 89 213 126
HSIL 0.3023 114 8 133 31
HSIL 0.3020 106 143 126 169
HSIL 0.3020 138 192 157 215
HSIL 0.3015 161 103 181 127
HSIL 0.3014 65 0 87 24
HSIL 0.3013 0 141 17 169
HSIL 0.3008 113 167 133 191
HSIL 0.3008 186 127 206 152
HSIL 0.3005 177 136 197 159
HSIL 0.3002 122 191 142 216
