HSIL 0.6481 37 51 118 146
HSIL 0.5003 53 92 100 138
HSIL 0.4869 72 108 130 158
HSIL 0.4823 50 121 97 176
HSIL 0.4784 20 58 191 210
HSIL 0.4783 89 73 145 132
HSIL 0.4670 69 54 128 100
HSIL 0.4490 68 144 108 187
HSIL 0.4477 95 126 143 174
HSIL 0.4431 60 115 89 144
HSIL 0.4397 95 75 119 107
HSIL 0.4390 112 96 159 143
HSIL 0.4342 135 123 161 157
HSIL 0.4335 17 143 83 212
HSIL 0.4334 14 108 69 158
HSIL 0.4318 51 71 85 111
HSIL 0.4266 0 76 62 141
HSIL 0.4219 128 79 177 127
HSIL 0.4160 83 147 143 211
HSIL 0.4149 141 137 169 172
HSIL 0.4147 142 106 170 141
HSIL 0.4125 146 119 180 158
HSIL 0.4110 71 77 110 121
HSIL 0.4105 109 46 161 99
HSIL 0.4085 127 140 154 169
HSIL 0.4076 44 125 77 152
HSIL 0.4056 76 109 104 136
HSIL 0.4047 64 133 87 160
HSIL 0.4047 158 91 206 145
HSIL 0.4045 84 62 112 90
HSIL 0.4035 53 159 92 206
HSIL 0.4026 158 91 182 121
HSIL 0.4010 2 0 105 113
HSIL 0.3975 144 49 208 112
HSIL 0.3974 112 51 223 172
HSIL 0.3959 116 146 176 209
HSIL 0.3950 101 91 130 123
HSIL 0.3936 99 39 139 77
HSIL 0.3923 109 77 138 106
HSIL 0.3904 45 109 76 137
HSIL 0.3888 79 125 104 152
HSIL 0.3870 103 61 128 90
HSIL 0.3860 29 61 73 107
HSIL 0.3859 28 144 57 181
HSIL 0.3854 2 123 48 177
HSIL 0.3851 198 82 223 116
HSIL 0.3809 118 52 145 81
HSIL 0.3793 83 0 202 115
HSIL 0.3786 88 119 112 143
HSIL 0.3780 119 126 145 152
HSIL 0.3775 161 125 206 178
HSIL 0.3766 67 173 109 223
HSIL 0.3748 159 108 182 138
HSIL 0.3746 46 140 75 170
HSIL 0.3742 128 110 152 136
HSIL 0.3735 199 154 223 188
HSIL 0.3730 148 145 187 189
HSIL 0.3711 0 175 48 223
HSIL 0.3704 178 109 221 162
HSIL 0.3686 93 147 122 179
HSIL 0.3685 96 110 119 136
HSIL 0.3675 30 124 57 153
HSIL 0.3671 152 77 176 108
HSIL 0.3659 202 70 221 98
HSIL 0.3658 190 98 218 132
HSIL 0.3656 104 126 127 152
HSIL 0.3648 112 135 135 159
HSIL 0.3637 101 178 138 220
HSIL 0.3629 13 154 44 188
HSIL 0.3622 132 154 163 189
HSIL 0.3621 59 59 93 93
HSIL 0.3615 85 163 115 196
HSIL 0.3604 40 33 107 86
HSIL 0.3604 121 151 143 176
HSIL 0.3603 120 95 143 120
HSIL 0.3597 97 134 119 160
HSIL 0.3583 37 178 75 220
HSIL 0.3582 199 178 223 213
HSIL 0.3572 135 94 161 121
HSIL 0.3570 113 111 135 136
HSIL 0.3564 40 158 63 184
HSIL 0.3564 180 17 223 79
HSIL 0.3562 65 150 86 176
HSIL 0.3556 202 143 221 169
HSIL 0.3553 5 47 47 98
HSIL 0.3552 31 87 72 126
HSIL 0.3547 182 85 211 113
HSIL 0.3544 147 0 205 47
HSIL 0.3540 199 51 223 84
HSIL 0.3520 57 159 79 184
HSIL 0.3519 125 75 154 107
HSIL 0.3513 81 40 115 79
HSIL 0.3503 199 27 223 60
HSIL 0.3499 130 31 173 81
HSIL 0.3494 110 158 137 185
HSIL 0.3490 27 43 60 76
HSIL 0.3487 133 61 162 89
HSIL 0.3486 33 166 54 192
HSIL 0.3480 162 155 206 211
HSIL 0.3467 73 167 94 191
HSIL 0.3462 105 167 126 192
HSIL 0.3454 4 115 35 147
HSIL 0.3429 136 47 159 72
HSIL 0.3429 86 182 113 209
HSIL 0.3422 164 77 194 106
HSIL 0.3420 133 177 170 221
HSIL 0.3418 168 119 190 143
HSIL 0.3410 65 175 86 200
HSIL 0.3398 113 175 134 200
HSIL 0.3397 176 103 199 128
HSIL 0.3397 202 119 221 144
HSIL 0.3390 47 166 73 192
HSIL 0.3379 73 183 94 207
HSIL 0.3368 82 191 102 215
HSIL 0.3365 118 190 145 216
HSIL 0.3365 202 199 221 223
HSIL 0.3364 86 195 122 223
HSIL 0.3359 194 135 214 160
HSIL 0.3350 161 143 182 167
HSIL 0.3345 128 39 151 64
HSIL 0.3343 0 132 23 162
HSIL 0.3342 180 187 212 220
HSIL 0.3339 153 159 174 183
HSIL 0.3339 122 167 142 191
HSIL 0.3333 202 15 221 40
HSIL 0.3330 54 195 90 223
HSIL 0.3329 15 47 40 72
HSIL 0.3325 2 14 44 66
HSIL 0.3323 113 13 158 66
HSIL 0.3321 23 174 49 201
HSIL 0.3321 78 19 127 63
HSIL 0.3312 0 99 24 132
HSIL 0.3311 114 199 134 223
HSIL 0.3309 58 183 78 207
HSIL 0.3308 182 158 210 185
HSIL 0.3301 149 59 178 92
HSIL 0.3297 185 119 206 143
HSIL 0.3287 8 142 32 169
HSIL 0.3284 182 142 210 169
HSIL 0.3281 0 155 26 188
HSIL 0.3267 182 70 211 97
HSIL 0.3266 42 175 62 199
HSIL 0.3259 153 5 174 31
HSIL 0.3258 182 174 210 201
HSIL 0.3257 165 34 203 76
HSIL 0.3257 44 51 75 83
HSIL 0.3244 6 174 33 201
HSIL 0.3241 209 102 223 129
HSIL 0.3233 178 128 198 151
HSIL 0.3221 12 88 45 125
HSIL 0.3220 167 135 193 160
HSIL 0.3213 22 196 58 223
HSIL 0.3212 130 176 150 199
HSIL 0.3203 42 192 62 215
HSIL 0.3199 34 184 54 207
HSIL 0.3198 149 171 179 203
HSIL 0.3190 158 12 185 42
HSIL 0.3186 18 183 38 207
HSIL 0.3184 1 85 23 113
HSIL 0.3184 157 187 187 219
HSIL 0.3172 9 191 30 215
HSIL 0.3171 198 0 223 27
HSIL 0.3163 1 183 22 208
HSIL 0.3156 0 4 25 35
HSIL 0.3147 146 192 166 215
HSIL 0.3145 142 13 170 41
HSIL 0.3138 170 152 190 175
HSIL 0.3130 0 37 25 75
HSIL 0.3127 138 184 158 207
HSIL 0.3121 145 39 166 64
HSIL 0.3101 21 3 58 44
HSIL 0.3097 130 200 150 223
HSIL 0.3086 170 176 190 199
HSIL 0.3075 138 31 158 56
HSIL 0.3070 177 168 198 191
HSIL 0.3069 1 199 22 223
HSIL 0.3067 32 16 81 66
HSIL 0.3063 169 63 190 88
HSIL 0.3062 153 48 174 71
HSIL 0.3054 1 22 22 49
HSIL 0.3045 121 31 142 56
HSIL 0.3030 154 32 174 55
HSIL 0.3023 186 40 206 63
HSIL 0.3023 33 31 54 56
HSIL 0.3021 9 30 30 57
HSIL 0.3019 185 56 206 79
HSIL 0.3017 101 3 138 44
HSIL 0.3013 180 11 211 44
