HSIL 0.6428 100 63 214 223
HSIL 0.5064 128 168 198 222
HSIL 0.4819 157 139 202 201
HSIL 0.4814 170 172 223 222
HSIL 0.4787 114 91 194 152
HSIL 0.4752 158 109 200 161
HSIL 0.4736 99 155 146 208
HSIL 0.4711 101 125 143 180
HSIL 0.4691 174 125 221 181
HSIL 0.4673 134 195 175 222
HSIL 0.4649 106 156 128 187
HSIL 0.4637 6 119 153 223
HSIL 0.4630 157 87 201 128
HSIL 0.4532 96 97 149 143
HSIL 0.4529 172 94 223 147
HSIL 0.4529 82 110 128 160
HSIL 0.4517 114 58 184 119
HSIL 0.4511 16 51 139 173
HSIL 0.4432 88 119 111 144
HSIL 0.4420 50 83 111 141
HSIL 0.4419 123 175 157 216
HSIL 0.4398 123 110 142 137
HSIL 0.4394 86 54 144 109
HSIL 0.4361 0 0 102 113
HSIL 0.4359 22 53 80 110
HSIL 0.4350 164 177 193 212
HSIL 0.4338 82 171 129 223
HSIL 0.4327 17 113 83 175
HSIL 0.4318 22 20 78 80
HSIL 0.4273 175 156 198 186
HSIL 0.4248 66 139 113 194
HSIL 0.4231 102 194 141 223
HSIL 0.4228 166 106 189 139
HSIL 0.4225 149 84 179 115
HSIL 0.4206 0 84 53 141
HSIL 0.4177 96 173 120 200
HSIL 0.4174 54 18 108 79
HSIL 0.4139 96 137 122 171
HSIL 0.4127 111 180 137 209
HSIL 0.4111 122 90 158 127
HSIL 0.4103 0 144 52 207
HSIL 0.4061 79 132 106 162
HSIL 0.4040 182 172 209 202
HSIL 0.4024 159 138 185 171
HSIL 0.4018 59 0 163 109
HSIL 0.3997 68 115 101 147
HSIL 0.3991 121 116 157 161
HSIL 0.3980 199 122 223 157
HSIL 0.3976 83 83 125 125
HSIL 0.3965 183 140 209 170
HSIL 0.3936 183 189 209 217
HSIL 0.3933 126 203 154 223
HSIL 0.3922 199 90 223 125
HSIL 0.3914 176 64 222 114
HSIL 0.3899 190 156 218 187
HSIL 0.3897 78 100 107 131
HSIL 0.3879 87 158 113 184
HSIL 0.3860 53 129 93 173
HSIL 0.3854 202 109 221 138
HSIL 0.3837 110 93 138 122
HSIL 0.3835 119 145 158 182
HSIL 0.3826 86 25 112 59
HSIL 0.3805 65 65 111 110
HSIL 0.3796 33 97 79 140
HSIL 0.3792 164 77 194 106
HSIL 0.3784 184 109 209 137
HSIL 0.3779 51 157 95 209
HSIL 0.3770 195 195 223 223
HSIL 0.3762 0 0 46 46
HSIL 0.3760 95 101 119 130
HSIL 0.3748 199 172 223 203
HSIL 0.3746 184 94 208 120
HSIL 0.3723 21 58 51 92
HSIL 0.3718 114 16 176 77
HSIL 0.3717 53 49 90 92
HSIL 0.3712 21 175 81 223
HSIL 0.3705 35 141 77 193
HSIL 0.3702 183 125 209 154
HSIL 0.3688 202 78 222 105
HSIL 0.3653 84 0 138 48
HSIL 0.3652 151 70 177 98
HSIL 0.3627 161 46 205 98
HSIL 0.3621 89 182 111 208
HSIL 0.3620 97 30 142 82
HSIL 0.3614 134 105 176 139
HSIL 0.3609 77 51 107 84
HSIL 0.3599 12 74 43 108
HSIL 0.3594 61 99 91 132
HSIL 0.3581 5 129 42 173
HSIL 0.3567 147 123 180 156
HSIL 0.3565 97 190 119 216
HSIL 0.3556 52 75 83 108
HSIL 0.3556 198 59 223 92
HSIL 0.3552 5 60 34 90
HSIL 0.3551 155 204 187 223
HSIL 0.3545 81 151 103 176
HSIL 0.3544 38 62 66 89
HSIL 0.3539 70 4 106 45
HSIL 0.3536 73 143 95 168
HSIL 0.3530 69 29 99 57
HSIL 0.3525 29 115 59 148
HSIL 0.3523 29 91 59 124
HSIL 0.3523 81 167 103 191
HSIL 0.3516 30 78 57 105
HSIL 0.3504 149 25 223 139
HSIL 0.3500 89 78 110 105
HSIL 0.3487 207 139 223 171
HSIL 0.3483 184 78 208 104
HSIL 0.3476 80 86 104 112
HSIL 0.3470 2 5 23 33
HSIL 0.3468 0 90 26 124
HSIL 0.3468 73 79 95 104
HSIL 0.3454 36 131 67 163
HSIL 0.3450 70 194 107 223
HSIL 0.3450 81 71 103 95
HSIL 0.3444 95 46 120 73
HSIL 0.3441 146 156 182 188
HSIL 0.3428 202 47 221 72
HSIL 0.3420 14 94 41 121
HSIL 0.3414 4 115 35 148
HSIL 0.3413 93 59 122 91
HSIL 0.3407 1 78 22 105
HSIL 0.3407 2 25 46 84
HSIL 0.3403 199 28 223 59
HSIL 0.3394 129 75 167 108
HSIL 0.3382 49 111 70 135
HSIL 0.3382 66 47 86 71
HSIL 0.3381 49 95 70 119
HSIL 0.3379 29 45 57 74
HSIL 0.3377 104 87 127 111
HSIL 0.3374 5 178 41 220
HSIL 0.3369 54 118 82 144
HSIL 0.3361 127 163 168 196
HSIL 0.3358 73 159 95 183
HSIL 0.3351 105 31 126 55
HSIL 0.3346 32 3 79 43
HSIL 0.3338 71 174 97 201
HSIL 0.3338 95 15 118 41
HSIL 0.3337 202 15 221 40
HSIL 0.3334 184 62 208 88
HSIL 0.3329 0 147 25 180
HSIL 0.3326 0 134 24 161
HSIL 0.3323 172 202 204 223
HSIL 0.3319 0 43 24 76
HSIL 0.3315 23 134 49 160
HSIL 0.3311 52 27 84 60
HSIL 0.3306 118 3 154 43
HSIL 0.3303 209 158 223 185
HSIL 0.3290 65 152 86 175
HSIL 0.3287 1 20 22 50
HSIL 0.3281 57 136 78 159
HSIL 0.3270 45 46 73 73
HSIL 0.3263 42 151 62 175
HSIL 0.3259 169 62 191 88
HSIL 0.3244 0 171 26 204
HSIL 0.3242 61 0 90 27
HSIL 0.3239 176 70 199 96
HSIL 0.3236 179 43 212 76
HSIL 0.3231 65 15 86 40
HSIL 0.3215 198 0 223 27
HSIL 0.3215 113 79 134 103
HSIL 0.3209 66 184 86 207
HSIL 0.3207 15 6 39 33
HSIL 0.3206 34 192 54 215
HSIL 0.3200 55 159 81 184
HSIL 0.3194 66 168 86 191
HSIL 0.3187 82 0 102 23
HSIL 0.3186 17 46 38 73
HSIL 0.3186 126 52 154 83
HSIL 0.3186 21 171 51 203
HSIL 0.3181 34 160 54 183
HSIL 0.3179 1 191 22 216
HSIL 0.3170 23 150 49 176
HSIL 0.3140 9 29 30 58
HSIL 0.3133 138 141 173 169
HSIL 0.3133 148 35 187 78
HSIL 0.3131 58 192 78 215
HSIL 0.3130 50 168 70 191
HSIL 0.3129 145 63 166 88
HSIL 0.3123 17 160 38 183
HSIL 0.3120 42 176 62 199
HSIL 0.3118 58 176 78 199
HSIL 0.3105 26 200 46 223
HSIL 0.3096 113 63 134 87
HSIL 0.3089 150 3 186 44
HSIL 0.3086 38 30 65 57
HSIL 0.3086 50 184 70 207
HSIL 0.3080 46 0 73 24
HSIL 0.3078 42 200 62 223
HSIL 0.3072 113 40 134 63
HSIL 0.3071 165 19 202 61
HSIL 0.3069 0 106 19 140
HSIL 0.3068 121 71 142 96
HSIL 0.3066 182 3 218 43
HSIL 0.3060 98 0 118 23
HSIL 0.3059 0 62 14 88
HSIL 0.3059 9 200 30 223
HSIL 0.3046 22 29 49 58
HSIL 0.3043 114 24 134 47
HSIL 0.3040 33 7 54 32
HSIL 0.3037 130 40 149 63
HSIL 0.3029 185 32 206 55
HSIL 0.3014 25 0 46 23
HSIL 0.3012 41 15 62 40
HSIL 0.3011 106 8 126 31
HSIL 0.3005 186 0 206 23
HSIL 0.3002 122 32 142 55
HSIL 0.3002 16 22 38 48
HSIL 0.3001 25 15 46 40
