HSIL 0.6623 107 8 223 222
HSIL 0.5282 131 128 220 196
HSIL 0.4882 132 159 181 200
HSIL 0.4875 172 160 221 201
HSIL 0.4869 171 108 219 167
HSIL 0.4844 147 172 191 219
HSIL 0.4796 177 77 217 132
HSIL 0.4794 130 44 210 104
HSIL 0.4786 111 73 163 135
HSIL 0.4782 79 142 153 206
HSIL 0.4781 114 108 162 160
HSIL 0.4779 150 146 192 183
HSIL 0.4753 14 49 142 177
HSIL 0.4713 121 115 144 145
HSIL 0.4712 173 53 216 93
HSIL 0.4677 103 77 128 105
HSIL 0.4645 193 100 223 142
HSIL 0.4629 83 51 149 112
HSIL 0.4620 0 113 108 223
HSIL 0.4605 48 82 115 143
HSIL 0.4596 142 138 170 174
HSIL 0.4552 100 127 144 176
HSIL 0.4531 50 52 112 110
HSIL 0.4502 113 171 162 221
HSIL 0.4501 83 19 143 77
HSIL 0.4498 44 0 178 110
HSIL 0.4483 127 97 152 136
HSIL 0.4468 81 109 130 160
HSIL 0.4441 21 20 82 79
HSIL 0.4435 193 66 223 111
HSIL 0.4423 0 115 54 174
HSIL 0.4413 125 65 157 100
HSIL 0.4396 163 40 197 80
HSIL 0.4395 0 85 55 141
HSIL 0.4379 93 57 123 94
HSIL 0.4365 127 131 153 161
HSIL 0.4348 130 85 211 157
HSIL 0.4346 99 85 134 127
HSIL 0.4340 83 74 118 107
HSIL 0.4320 0 54 54 108
HSIL 0.4315 183 107 208 139
HSIL 0.4298 121 144 159 182
HSIL 0.4290 117 82 144 116
HSIL 0.4275 181 138 208 170
HSIL 0.4269 163 192 203 223
HSIL 0.4245 190 123 214 156
HSIL 0.4218 136 52 161 86
HSIL 0.4193 134 192 172 223
HSIL 0.4152 110 61 136 90
HSIL 0.4125 174 19 222 66
HSIL 0.4116 66 124 112 177
HSIL 0.4081 192 174 223 223
HSIL 0.4076 103 118 130 144
HSIL 0.4075 126 166 154 192
HSIL 0.4055 144 180 168 209
HSIL 0.4043 195 137 223 174
HSIL 0.4031 51 0 109 47
HSIL 0.4015 65 30 111 81
HSIL 0.4003 168 32 192 58
HSIL 0.3998 136 81 159 117
HSIL 0.3974 22 175 81 223
HSIL 0.3966 34 77 77 128
HSIL 0.3958 86 92 115 122
HSIL 0.3948 140 123 170 154
HSIL 0.3947 104 134 128 160
HSIL 0.3937 116 0 175 46
HSIL 0.3929 53 113 92 157
HSIL 0.3895 34 124 78 178
HSIL 0.3894 66 156 111 209
HSIL 0.3883 50 140 94 194
HSIL 0.3879 128 181 151 209
HSIL 0.3872 137 15 199 71
HSIL 0.3867 192 157 216 186
HSIL 0.3852 77 61 107 89
HSIL 0.3830 36 50 75 92
HSIL 0.3829 36 9 67 45
HSIL 0.3816 82 172 127 223
HSIL 0.3810 109 154 139 189
HSIL 0.3805 175 85 199 115
HSIL 0.3798 190 44 218 74
HSIL 0.3781 54 93 81 121
HSIL 0.3777 0 0 48 45
HSIL 0.3767 144 60 182 91
HSIL 0.3763 68 91 99 124
HSIL 0.3756 60 75 91 108
HSIL 0.3745 92 146 123 180
HSIL 0.3728 162 123 197 156
HSIL 0.3726 147 46 180 75
HSIL 0.3721 102 42 129 77
HSIL 0.3719 28 26 59 60
HSIL 0.3707 49 79 71 104
HSIL 0.3705 163 63 196 101
HSIL 0.3703 111 180 137 209
HSIL 0.3688 89 127 111 152
HSIL 0.3685 52 27 83 60
HSIL 0.3679 89 111 111 136
HSIL 0.3671 17 138 63 195
HSIL 0.3668 129 47 151 72
HSIL 0.3667 45 107 75 140
HSIL 0.3667 0 34 48 76
HSIL 0.3664 85 3 123 45
HSIL 0.3661 62 62 89 89
HSIL 0.3657 139 100 171 131
HSIL 0.3656 70 110 97 137
HSIL 0.3654 182 30 208 56
HSIL 0.3651 41 94 63 119
HSIL 0.3635 88 46 112 73
HSIL 0.3631 115 21 158 61
HSIL 0.3625 30 77 58 105
HSIL 0.3613 176 181 200 209
HSIL 0.3597 78 142 105 169
HSIL 0.3593 101 193 140 223
HSIL 0.3589 22 94 49 121
HSIL 0.3588 73 47 95 72
HSIL 0.3575 54 46 81 73
HSIL 0.3567 6 93 34 121
HSIL 0.3567 73 31 94 55
HSIL 0.3565 73 127 95 152
HSIL 0.3563 54 14 81 41
HSIL 0.3559 33 63 54 88
HSIL 0.3546 86 30 114 57
HSIL 0.3545 25 14 48 41
HSIL 0.3542 197 10 223 45
HSIL 0.3541 30 46 57 73
HSIL 0.3540 164 98 197 131
HSIL 0.3539 94 165 122 193
HSIL 0.3538 47 126 73 153
HSIL 0.3529 6 77 34 105
HSIL 0.3528 6 61 33 89
HSIL 0.3525 0 122 26 157
HSIL 0.3523 28 115 59 148
HSIL 0.3523 81 39 102 64
HSIL 0.3516 2 154 46 211
HSIL 0.3513 65 135 86 159
HSIL 0.3502 57 143 78 168
HSIL 0.3502 6 109 34 138
HSIL 0.3495 0 28 24 58
HSIL 0.3487 105 31 126 56
HSIL 0.3482 81 23 102 47
HSIL 0.3478 40 0 62 24
HSIL 0.3473 9 47 31 72
HSIL 0.3473 17 31 39 56
HSIL 0.3471 0 146 25 181
HSIL 0.3468 55 158 81 185
HSIL 0.3465 81 159 103 184
HSIL 0.3459 9 14 31 40
HSIL 0.3451 70 14 97 41
HSIL 0.3448 14 126 41 153
HSIL 0.3445 65 151 86 175
HSIL 0.3444 53 171 83 204
HSIL 0.3443 38 142 65 169
HSIL 0.3442 89 175 110 200
HSIL 0.3439 201 30 222 57
HSIL 0.3432 25 71 46 95
HSIL 0.3431 1 7 22 32
HSIL 0.3415 208 118 223 145
HSIL 0.3414 49 151 70 175
HSIL 0.3411 97 183 119 208
HSIL 0.3410 1 102 22 128
HSIL 0.3410 97 23 118 47
HSIL 0.3406 208 189 223 217
HSIL 0.3401 33 135 54 159
HSIL 0.3390 25 55 46 79
HSIL 0.3372 158 21 186 50
HSIL 0.3368 69 195 106 223
HSIL 0.3367 14 142 42 169
HSIL 0.3366 73 175 94 199
HSIL 0.3364 79 182 105 209
HSIL 0.3359 16 7 40 32
HSIL 0.3355 38 158 66 185
HSIL 0.3353 82 8 102 31
HSIL 0.3348 65 8 86 31
HSIL 0.3346 103 14 129 41
HSIL 0.3344 0 178 25 213
HSIL 0.3340 54 0 81 24
HSIL 0.3337 1 166 22 193
HSIL 0.3333 90 191 110 215
HSIL 0.3330 121 39 143 63
HSIL 0.3330 33 151 54 175
HSIL 0.3323 25 0 48 24
HSIL 0.3323 208 173 223 202
HSIL 0.3317 9 0 30 23
HSIL 0.3296 137 39 159 64
HSIL 0.3291 58 191 78 215
HSIL 0.3289 33 191 54 215
HSIL 0.3288 114 24 133 47
HSIL 0.3287 29 171 59 204
HSIL 0.3283 14 158 42 185
HSIL 0.3280 90 0 110 23
HSIL 0.3273 71 0 97 24
HSIL 0.3263 101 0 130 27
HSIL 0.3253 207 156 223 187
HSIL 0.3250 184 13 208 41
HSIL 0.3248 191 205 217 223
HSIL 0.3245 201 0 222 24
HSIL 0.3239 12 187 43 219
HSIL 0.3220 206 93 223 122
HSIL 0.3194 14 174 41 201
HSIL 0.3153 146 7 165 31
HSIL 0.3147 161 207 183 223
HSIL 0.3141 42 200 62 223
HSIL 0.3140 1 199 22 223
HSIL 0.3136 0 66 19 101
HSIL 0.3131 148 84 180 114
HSIL 0.3120 129 31 150 56
HSIL 0.3100 0 45 17 74
HSIL 0.3089 121 16 142 39
HSIL 0.3082 209 47 223 72
HSIL 0.3076 153 15 174 40
HSIL 0.3073 153 0 174 23
HSIL 0.3068 137 15 158 40
HSIL 0.3061 177 207 199 223
HSIL 0.3061 121 207 142 223
HSIL 0.3056 0 86 14 112
HSIL 0.3049 145 207 167 223
HSIL 0.3029 181 0 211 27
HSIL 0.3016 137 0 158 23
HSIL 0.3014 144 31 167 56
HSIL 0.3009 209 63 223 88
HSIL 0.3000 122 0 142 23
