HSIL 0.6611 120 16 223 205
HSIL 0.5305 149 120 214 177
HSIL 0.4945 157 152 208 206
HSIL 0.4924 136 35 220 104
HSIL 0.4886 115 134 194 197
HSIL 0.4807 170 88 222 158
HSIL 0.4793 36 113 186 223
HSIL 0.4785 174 62 217 114
HSIL 0.4779 155 145 189 177
HSIL 0.4777 17 47 140 179
HSIL 0.4774 116 75 160 131
HSIL 0.4774 190 129 223 170
HSIL 0.4751 128 109 182 163
HSIL 0.4738 77 114 153 175
HSIL 0.4710 172 42 216 77
HSIL 0.4709 128 105 152 138
HSIL 0.4695 195 85 223 126
HSIL 0.4689 110 47 164 96
HSIL 0.4641 148 174 191 220
HSIL 0.4640 140 137 174 173
HSIL 0.4622 49 83 115 143
HSIL 0.4612 20 115 85 175
HSIL 0.4592 110 67 137 98
HSIL 0.4587 97 94 146 143
HSIL 0.4566 175 172 222 222
HSIL 0.4562 22 54 83 110
HSIL 0.4542 45 0 174 110
HSIL 0.4534 82 19 143 77
HSIL 0.4508 50 145 114 208
HSIL 0.4500 145 58 166 88
HSIL 0.4469 22 21 82 79
HSIL 0.4454 148 160 180 197
HSIL 0.4442 190 102 216 144
HSIL 0.4432 0 86 54 141
HSIL 0.4390 81 60 129 112
HSIL 0.4367 0 145 52 207
HSIL 0.4353 101 50 131 85
HSIL 0.4347 143 124 169 154
HSIL 0.4347 126 122 154 155
HSIL 0.4346 142 41 185 81
HSIL 0.4342 142 0 212 51
HSIL 0.4327 130 153 166 189
HSIL 0.4320 139 88 169 127
HSIL 0.4238 100 144 143 189
HSIL 0.4220 124 67 153 100
HSIL 0.4199 114 171 160 223
HSIL 0.4183 167 164 192 193
HSIL 0.4178 111 110 137 136
HSIL 0.4164 96 70 121 95
HSIL 0.4159 173 28 202 59
HSIL 0.4150 179 148 210 176
HSIL 0.4143 118 54 144 82
HSIL 0.4116 107 121 140 157
HSIL 0.4090 191 19 223 65
HSIL 0.4074 65 46 111 96
HSIL 0.4065 51 0 109 46
HSIL 0.4038 131 22 177 63
HSIL 0.4035 111 92 137 122
HSIL 0.4024 24 176 81 223
HSIL 0.4013 125 140 155 171
HSIL 0.4005 68 114 108 156
HSIL 0.3942 195 48 223 86
HSIL 0.3941 136 173 160 201
HSIL 0.3913 31 98 80 140
HSIL 0.3878 85 161 125 204
HSIL 0.3865 192 157 216 185
HSIL 0.3863 200 188 223 217
HSIL 0.3853 92 90 124 124
HSIL 0.3853 144 72 182 110
HSIL 0.3844 53 75 82 108
HSIL 0.3818 119 165 145 193
HSIL 0.3809 0 0 47 46
HSIL 0.3807 61 90 91 124
HSIL 0.3803 93 115 123 148
HSIL 0.3795 88 78 112 104
HSIL 0.3782 133 193 171 223
HSIL 0.3774 93 139 123 172
HSIL 0.3771 86 45 114 73
HSIL 0.3756 205 107 223 140
HSIL 0.3750 112 142 136 168
HSIL 0.3749 45 3 74 36
HSIL 0.3730 201 173 222 202
HSIL 0.3726 44 58 75 92
HSIL 0.3719 63 62 89 89
HSIL 0.3718 115 34 147 69
HSIL 0.3709 70 78 98 105
HSIL 0.3684 183 190 209 216
HSIL 0.3683 76 99 107 132
HSIL 0.3673 84 27 115 60
HSIL 0.3664 155 116 187 146
HSIL 0.3662 144 181 168 209
HSIL 0.3661 172 90 205 123
HSIL 0.3660 63 110 89 137
HSIL 0.3658 0 66 48 108
HSIL 0.3654 80 63 104 88
HSIL 0.3649 52 43 84 76
HSIL 0.3648 53 123 83 156
HSIL 0.3646 121 182 143 208
HSIL 0.3639 46 93 74 121
HSIL 0.3639 105 38 128 65
HSIL 0.3636 68 139 99 172
HSIL 0.3630 97 2 143 46
HSIL 0.3624 68 177 107 220
HSIL 0.3606 61 27 91 60
HSIL 0.3597 207 125 223 153
HSIL 0.3596 1 26 46 83
HSIL 0.3588 76 155 107 188
HSIL 0.3588 200 69 223 98
HSIL 0.3582 36 145 75 189
HSIL 0.3580 37 77 67 105
HSIL 0.3579 28 10 60 45
HSIL 0.3571 157 31 187 57
HSIL 0.3569 61 155 90 187
HSIL 0.3567 30 93 57 121
HSIL 0.3566 181 13 210 43
HSIL 0.3563 72 47 95 72
HSIL 0.3562 97 159 118 184
HSIL 0.3555 62 14 89 41
HSIL 0.3550 46 21 73 49
HSIL 0.3529 4 121 35 158
HSIL 0.3528 28 114 59 148
HSIL 0.3522 174 199 200 222
HSIL 0.3521 86 14 113 41
HSIL 0.3507 49 111 71 136
HSIL 0.3502 6 93 34 122
HSIL 0.3494 100 179 131 212
HSIL 0.3488 54 142 81 169
HSIL 0.3486 104 167 127 192
HSIL 0.3478 0 152 25 190
HSIL 0.3477 30 61 58 89
HSIL 0.3472 197 2 223 35
HSIL 0.3463 0 60 24 91
HSIL 0.3461 38 46 66 73
HSIL 0.3454 105 15 127 40
HSIL 0.3452 145 31 167 56
HSIL 0.3450 0 108 24 139
HSIL 0.3444 0 27 24 59
HSIL 0.3440 111 22 136 49
HSIL 0.3439 25 79 47 104
HSIL 0.3437 160 56 198 92
HSIL 0.3430 13 109 42 138
HSIL 0.3427 9 78 31 105
HSIL 0.3423 1 6 22 32
HSIL 0.3421 208 141 223 169
HSIL 0.3421 9 14 31 41
HSIL 0.3417 98 8 118 31
HSIL 0.3412 11 137 44 174
HSIL 0.3406 89 175 110 199
HSIL 0.3400 82 8 102 31
HSIL 0.3398 36 131 67 164
HSIL 0.3394 160 198 185 222
HSIL 0.3378 62 0 89 24
HSIL 0.3377 86 195 122 223
HSIL 0.3376 33 30 54 56
HSIL 0.3373 165 14 195 42
HSIL 0.3373 73 175 94 199
HSIL 0.3371 52 171 83 204
HSIL 0.3359 9 46 30 73
HSIL 0.3356 146 95 197 136
HSIL 0.3349 30 0 58 24
HSIL 0.3340 16 62 38 88
HSIL 0.3339 87 0 113 24
HSIL 0.3335 103 0 129 24
HSIL 0.3331 81 183 102 207
HSIL 0.3324 9 0 30 23
HSIL 0.3320 73 191 94 215
HSIL 0.3312 0 177 26 213
HSIL 0.3309 109 196 139 223
HSIL 0.3306 114 8 133 31
HSIL 0.3299 16 7 39 32
HSIL 0.3295 121 15 142 40
HSIL 0.3286 22 46 50 73
HSIL 0.3281 16 30 38 56
HSIL 0.3278 54 190 81 216
HSIL 0.3267 38 190 65 216
HSIL 0.3248 189 202 219 223
HSIL 0.3247 207 156 223 186
HSIL 0.3239 12 186 43 220
HSIL 0.3237 33 151 54 176
HSIL 0.3225 28 162 59 197
HSIL 0.3221 126 22 153 48
HSIL 0.3202 16 158 38 185
HSIL 0.3183 33 183 54 208
HSIL 0.3181 66 200 86 223
HSIL 0.3149 49 0 70 16
HSIL 0.3141 209 39 223 64
HSIL 0.3139 1 199 22 223
HSIL 0.3114 122 0 142 23
HSIL 0.3112 17 174 38 200
HSIL 0.3109 49 200 70 223
HSIL 0.3107 150 0 178 26
HSIL 0.3099 0 82 19 117
HSIL 0.3088 34 200 54 223
HSIL 0.3059 0 140 18 171
HSIL 0.3058 137 15 158 40
HSIL 0.3058 0 45 17 74
HSIL 0.3041 130 8 150 31
HSIL 0.3030 185 0 208 23
HSIL 0.3026 0 126 15 153
HSIL 0.3025 153 15 175 40
