HSIL 0.6501 28 16 104 100
HSIL 0.4907 55 58 110 107
HSIL 0.4789 1 14 203 130
HSIL 0.4783 37 36 67 83
HSIL 0.4776 35 74 80 127
HSIL 0.4732 67 29 134 84
HSIL 0.4726 21 64 66 105
HSIL 0.4632 137 167 159 191
HSIL 0.4589 191 188 214 214
HSIL 0.4563 44 27 77 60
HSIL 0.4539 79 78 125 126
HSIL 0.4508 9 49 100 160
HSIL 0.4498 50 90 95 146
HSIL 0.4475 55 3 115 52
HSIL 0.4470 31 27 58 60
HSIL 0.4410 53 59 83 87
HSIL 0.4382 95 62 142 112
HSIL 0.4364 21 43 52 75
HSIL 0.4331 66 47 97 84
HSIL 0.4320 183 170 210 206
HSIL 0.4279 133 175 163 214
HSIL 0.4259 0 105 103 223
HSIL 0.4217 172 186 205 218
HSIL 0.4213 24 145 76 209
HSIL 0.4191 66 27 99 61
HSIL 0.4178 53 115 111 176
HSIL 0.4166 0 26 55 85
HSIL 0.4155 145 164 179 194
HSIL 0.4146 18 90 64 147
HSIL 0.4141 117 170 148 203
HSIL 0.4123 0 113 50 177
HSIL 0.4102 85 115 142 176
HSIL 0.4100 84 79 203 208
HSIL 0.4089 56 146 106 208
HSIL 0.4086 99 21 139 62
HSIL 0.4077 2 76 47 127
HSIL 0.4067 115 145 159 193
HSIL 0.4052 51 13 84 44
HSIL 0.4048 199 172 221 203
HSIL 0.4036 150 151 211 207
HSIL 0.4033 111 17 174 78
HSIL 0.4026 147 17 207 80
HSIL 0.4006 62 75 88 106
HSIL 0.3986 189 63 220 102
HSIL 0.3955 200 197 222 223
HSIL 0.3948 140 145 170 183
HSIL 0.3929 114 51 174 111
HSIL 0.3924 11 57 45 93
HSIL 0.3922 100 97 139 141
HSIL 0.3915 85 52 114 82
HSIL 0.3904 118 42 144 75
HSIL 0.3885 39 15 65 41
HSIL 0.3868 11 1 72 52
HSIL 0.3814 79 70 104 96
HSIL 0.3807 93 3 120 34
HSIL 0.3798 116 82 156 124
HSIL 0.3781 36 112 76 156
HSIL 0.3781 173 74 203 107
HSIL 0.3780 148 111 207 178
HSIL 0.3775 63 109 89 138
HSIL 0.3771 199 81 223 117
HSIL 0.3771 85 37 113 66
HSIL 0.3758 183 144 219 193
HSIL 0.3747 63 93 87 121
HSIL 0.3730 0 177 47 223
HSIL 0.3720 70 15 96 40
HSIL 0.3719 149 180 178 210
HSIL 0.3713 76 107 107 140
HSIL 0.3708 201 53 221 83
HSIL 0.3708 99 50 132 84
HSIL 0.3707 30 84 58 114
HSIL 0.3655 199 106 223 141
HSIL 0.3639 13 29 44 57
HSIL 0.3636 6 45 34 74
HSIL 0.3632 23 109 49 137
HSIL 0.3628 48 93 72 121
HSIL 0.3619 72 86 95 113
HSIL 0.3618 121 62 142 88
HSIL 0.3614 177 63 199 89
HSIL 0.3611 116 113 155 158
HSIL 0.3608 119 189 145 217
HSIL 0.3605 61 122 90 157
HSIL 0.3603 94 69 121 97
HSIL 0.3602 97 95 118 120
HSIL 0.3588 198 138 223 173
HSIL 0.3568 130 92 174 147
HSIL 0.3566 80 94 103 120
HSIL 0.3562 120 151 144 176
HSIL 0.3552 97 111 118 136
HSIL 0.3552 17 78 39 104
HSIL 0.3549 113 71 134 96
HSIL 0.3548 105 87 126 112
HSIL 0.3542 190 122 218 156
HSIL 0.3531 199 26 223 61
HSIL 0.3523 148 194 188 223
HSIL 0.3523 80 5 106 32
HSIL 0.3520 124 26 155 61
HSIL 0.3517 145 75 191 130
HSIL 0.3516 4 106 36 141
HSIL 0.3516 105 103 126 127
HSIL 0.3514 117 3 154 44
HSIL 0.3512 85 123 115 155
HSIL 0.3511 180 89 212 126
HSIL 0.3502 40 102 64 128
HSIL 0.3501 98 175 140 221
HSIL 0.3496 88 21 111 49
HSIL 0.3488 163 173 197 202
HSIL 0.3488 89 87 111 112
HSIL 0.3482 17 95 39 120
HSIL 0.3480 0 66 26 101
HSIL 0.3466 113 95 134 119
HSIL 0.3462 132 43 164 76
HSIL 0.3458 23 124 48 154
HSIL 0.3452 103 14 128 41
HSIL 0.3450 202 14 221 41
HSIL 0.3447 179 41 213 78
HSIL 0.3447 22 14 50 41
HSIL 0.3435 121 79 143 104
HSIL 0.3425 92 138 123 172
HSIL 0.3410 182 204 210 223
HSIL 0.3408 148 50 189 93
HSIL 0.3405 9 87 31 112
HSIL 0.3404 0 121 26 158
HSIL 0.3404 129 143 151 168
HSIL 0.3403 102 126 129 153
HSIL 0.3387 113 111 134 135
HSIL 0.3371 0 27 26 60
HSIL 0.3369 98 154 133 188
HSIL 0.3363 130 95 150 119
HSIL 0.3359 133 75 163 108
HSIL 0.3348 113 143 134 168
HSIL 0.3343 1 94 22 120
HSIL 0.3335 156 147 187 180
HSIL 0.3332 121 103 142 127
HSIL 0.3330 208 68 223 98
HSIL 0.3326 182 110 210 137
HSIL 0.3318 194 7 214 32
HSIL 0.3313 165 123 195 156
HSIL 0.3313 134 62 161 88
HSIL 0.3309 105 191 126 215
HSIL 0.3298 158 78 186 105
HSIL 0.3298 122 127 142 151
HSIL 0.3294 4 10 36 44
HSIL 0.3280 173 158 203 185
HSIL 0.3275 113 199 134 223
HSIL 0.3272 130 112 150 135
HSIL 0.3270 180 18 212 52
HSIL 0.3269 202 0 221 23
HSIL 0.3264 77 141 106 169
HSIL 0.3246 138 104 158 127
HSIL 0.3236 6 140 33 171
HSIL 0.3231 146 96 166 119
HSIL 0.3221 169 55 191 80
HSIL 0.3216 172 139 204 172
HSIL 0.3214 206 156 223 187
HSIL 0.3213 166 94 193 121
HSIL 0.3210 48 134 71 160
HSIL 0.3207 113 8 134 31
HSIL 0.3190 157 107 187 139
HSIL 0.3188 0 0 25 26
HSIL 0.3186 209 126 223 153
HSIL 0.3176 138 120 158 143
HSIL 0.3176 146 112 166 135
HSIL 0.3168 153 88 174 111
HSIL 0.3164 150 126 177 152
HSIL 0.3160 150 3 187 45
HSIL 0.3160 89 0 110 18
HSIL 0.3157 137 199 158 223
HSIL 0.3150 57 143 78 168
HSIL 0.3142 27 136 58 175
HSIL 0.3131 153 72 174 95
HSIL 0.3126 86 158 113 185
HSIL 0.3126 137 135 158 160
HSIL 0.3106 0 50 19 84
HSIL 0.3103 140 28 171 59
HSIL 0.3101 65 151 86 176
HSIL 0.3099 12 0 43 27
HSIL 0.3095 185 0 206 23
HSIL 0.3085 82 186 118 221
HSIL 0.3072 154 48 174 71
HSIL 0.3069 93 173 122 202
HSIL 0.3065 49 151 70 175
HSIL 0.3062 0 151 26 192
HSIL 0.3044 165 28 195 59
HSIL 0.3037 122 0 142 23
HSIL 0.3028 42 176 61 200
HSIL 0.3026 135 0 169 27
HSIL 0.3026 166 206 194 223
HSIL 0.3024 138 16 158 39
HSIL 0.3012 26 176 45 200
HSIL 0.3009 130 8 149 31
HSIL 0.3006 0 110 17 137
HSIL 0.3005 36 0 67 28
