HSIL 0.6078 30 68 100 127
HSIL 0.4766 59 94 106 133
HSIL 0.4760 131 182 164 214
HSIL 0.4753 0 40 114 223
HSIL 0.4749 44 104 95 160
HSIL 0.4682 21 95 68 136
HSIL 0.4648 77 79 126 125
HSIL 0.4495 115 151 171 212
HSIL 0.4472 81 110 125 159
HSIL 0.4440 30 81 59 119
HSIL 0.4403 57 52 147 114
HSIL 0.4358 66 124 109 176
HSIL 0.4345 55 124 172 223
HSIL 0.4341 0 54 64 115
HSIL 0.4331 36 127 77 173
HSIL 0.4264 64 60 104 94
HSIL 0.4259 143 167 187 204
HSIL 0.4254 96 93 142 144
HSIL 0.4239 96 177 148 220
HSIL 0.4221 36 15 116 93
HSIL 0.4194 2 109 47 158
HSIL 0.4165 141 190 190 223
HSIL 0.4106 127 163 153 196
HSIL 0.4081 67 80 95 117
HSIL 0.4041 17 144 82 211
HSIL 0.4020 11 89 46 124
HSIL 0.3985 117 196 146 223
HSIL 0.3982 98 69 139 109
HSIL 0.3962 49 143 95 189
HSIL 0.3943 35 69 69 99
HSIL 0.3942 96 140 144 196
HSIL 0.3870 198 138 223 172
HSIL 0.3868 113 109 175 178
HSIL 0.3839 81 18 203 141
HSIL 0.3828 29 114 59 148
HSIL 0.3818 67 157 110 209
HSIL 0.3814 54 109 81 136
HSIL 0.3807 146 48 206 114
HSIL 0.3785 112 49 174 111
HSIL 0.3775 72 109 95 136
HSIL 0.3746 23 71 50 97
HSIL 0.3735 53 64 83 89
HSIL 0.3716 113 83 160 125
HSIL 0.3714 48 118 71 144
HSIL 0.3697 111 174 136 202
HSIL 0.3690 120 83 223 204
HSIL 0.3689 191 122 218 157
HSIL 0.3689 88 94 111 120
HSIL 0.3679 158 106 207 163
HSIL 0.3677 0 175 48 223
HSIL 0.3652 88 78 111 105
HSIL 0.3645 161 140 206 193
HSIL 0.3639 148 111 180 150
HSIL 0.3639 64 118 87 144
HSIL 0.3628 202 157 221 185
HSIL 0.3627 199 179 223 212
HSIL 0.3624 56 126 79 153
HSIL 0.3624 17 110 40 136
HSIL 0.3603 199 91 223 124
HSIL 0.3600 51 174 93 223
HSIL 0.3592 104 190 129 215
HSIL 0.3572 180 157 221 209
HSIL 0.3567 3 139 45 194
HSIL 0.3553 65 143 86 168
HSIL 0.3532 67 37 107 77
HSIL 0.3530 4 75 36 108
HSIL 0.3521 149 128 186 174
HSIL 0.3519 132 114 163 147
HSIL 0.3515 96 87 119 112
HSIL 0.3512 84 147 115 180
HSIL 0.3509 110 158 137 185
HSIL 0.3500 202 110 222 137
HSIL 0.3497 73 151 94 175
HSIL 0.3495 73 126 95 152
HSIL 0.3495 89 111 111 136
HSIL 0.3489 49 134 71 160
HSIL 0.3482 84 187 115 219
HSIL 0.3474 161 183 183 207
HSIL 0.3463 29 147 59 180
HSIL 0.3456 57 151 78 175
HSIL 0.3456 93 173 123 202
HSIL 0.3452 179 99 220 140
HSIL 0.3447 30 134 57 161
HSIL 0.3446 164 109 192 136
HSIL 0.3436 202 79 221 104
HSIL 0.3435 81 119 103 144
HSIL 0.3431 65 159 86 183
HSIL 0.3429 149 0 203 48
HSIL 0.3428 116 0 174 49
HSIL 0.3427 105 95 126 119
HSIL 0.3426 202 199 221 223
HSIL 0.3425 87 134 113 161
HSIL 0.3424 97 103 118 127
HSIL 0.3421 119 110 146 137
HSIL 0.3419 97 71 118 95
HSIL 0.3408 194 167 214 192
HSIL 0.3404 199 27 223 60
HSIL 0.3396 183 141 210 169
HSIL 0.3393 142 157 169 186
HSIL 0.3392 29 171 59 204
HSIL 0.3387 105 151 126 175
HSIL 0.3386 102 110 129 137
HSIL 0.3385 0 98 26 132
HSIL 0.3384 79 166 105 192
HSIL 0.3383 169 175 190 199
HSIL 0.3382 0 131 26 164
HSIL 0.3374 9 119 31 144
HSIL 0.3370 98 127 118 152
HSIL 0.3356 121 151 143 175
HSIL 0.3355 116 123 148 156
HSIL 0.3347 202 14 221 41
HSIL 0.3347 113 103 135 127
HSIL 0.3345 147 89 184 128
HSIL 0.3345 17 127 39 152
HSIL 0.3344 134 202 162 223
HSIL 0.3340 89 63 111 88
HSIL 0.3337 47 158 73 184
HSIL 0.3332 113 87 134 111
HSIL 0.3331 207 124 223 155
HSIL 0.3330 121 95 143 120
HSIL 0.3327 180 187 212 220
HSIL 0.3327 173 118 203 145
HSIL 0.3317 74 175 94 199
HSIL 0.3309 135 134 161 161
HSIL 0.3306 102 135 129 160
HSIL 0.3302 17 143 38 167
HSIL 0.3298 98 30 142 82
HSIL 0.3296 70 190 97 216
HSIL 0.3291 37 187 67 219
HSIL 0.3286 113 144 134 167
HSIL 0.3286 202 47 221 72
HSIL 0.3276 169 127 190 152
HSIL 0.3264 185 159 207 184
HSIL 0.3263 198 59 223 92
HSIL 0.3258 154 135 174 159
HSIL 0.3256 58 168 78 191
HSIL 0.3255 130 144 150 167
HSIL 0.3251 15 158 41 185
HSIL 0.3249 185 95 207 120
HSIL 0.3246 185 175 207 199
HSIL 0.3245 105 63 126 87
HSIL 0.3244 0 59 26 92
HSIL 0.3233 137 151 158 176
HSIL 0.3224 198 0 223 26
HSIL 0.3224 113 72 134 95
HSIL 0.3221 169 159 190 184
HSIL 0.3214 0 150 24 177
HSIL 0.3211 174 167 201 192
HSIL 0.3210 0 163 26 196
HSIL 0.3206 66 184 86 207
HSIL 0.3203 121 79 142 103
HSIL 0.3203 15 174 41 200
HSIL 0.3197 26 192 46 215
HSIL 0.3197 50 176 70 199
HSIL 0.3183 1 183 22 208
HSIL 0.3175 58 192 78 215
HSIL 0.3170 17 63 38 87
HSIL 0.3168 16 32 66 83
HSIL 0.3139 169 200 190 223
HSIL 0.3131 146 143 166 167
HSIL 0.3128 181 66 218 108
HSIL 0.3120 81 55 102 80
HSIL 0.3119 9 192 30 215
HSIL 0.3109 177 151 199 175
HSIL 0.3108 66 200 86 223
HSIL 0.3107 105 206 127 223
HSIL 0.3107 133 60 162 91
HSIL 0.3104 48 55 72 80
HSIL 0.3094 1 47 22 72
HSIL 0.3090 129 87 150 112
HSIL 0.3088 177 135 199 159
HSIL 0.3086 132 28 174 83
HSIL 0.3082 98 56 118 79
HSIL 0.3079 1 200 22 223
HSIL 0.3070 1 7 22 33
HSIL 0.3066 5 17 41 62
HSIL 0.3059 121 64 142 87
HSIL 0.3057 162 144 181 167
HSIL 0.3054 0 115 19 148
HSIL 0.3052 182 30 210 57
HSIL 0.3047 180 11 212 44
HSIL 0.3040 58 0 77 22
HSIL 0.3030 153 152 174 175
HSIL 0.3021 150 205 178 223
HSIL 0.3016 18 200 38 223
HSIL 0.3013 1 21 22 49
HSIL 0.3012 185 0 206 23
HSIL 0.3011 9 0 30 24
HSIL 0.3008 137 79 158 104
HSIL 0.3005 180 43 211 76
