LSIL 0.4700 95 35 137 86
LSIL 0.4449 103 19 162 69
LSIL 0.4229 95 0 145 47
LSIL 0.4177 144 17 185 56
LSIL 0.4162 130 32 222 125
LSIL 0.4046 184 52 223 111
LSIL 0.4004 110 21 137 50
LSIL 0.3940 176 14 223 82
LSIL 0.3786 94 30 122 59
LSIL 0.3719 184 0 223 42
LSIL 0.3714 127 0 175 32
LSIL 0.3643 148 78 207 143
LSIL 0.3363 135 22 161 49
LSIL 0.3320 174 101 223 182
LSIL 0.3271 163 27 193 74
LSIL 0.3174 87 42 114 77
LSIL 0.3167 177 173 223 223
LSIL 0.3163 165 11 193 45
LSIL 0.3099 96 6 120 33
LSIL 0.3031 111 0 135 26
HSIL 0.5404 23 45 55 77
HSIL 0.4847 2 17 77 89
HSIL 0.4824 21 54 60 111
HSIL 0.4476 34 45 103 96
HSIL 0.4341 34 75 75 127
HSIL 0.4252 15 59 43 88
HSIL 0.4141 3 74 45 129
HSIL 0.4102 36 59 65 89
HSIL 0.4074 0 41 101 179
HSIL 0.3987 24 29 47 61
HSIL 0.3812 19 90 62 147
HSIL 0.3762 65 66 110 105
HSIL 0.3761 0 35 36 78
HSIL 0.3727 23 145 74 210
HSIL 0.3709 32 23 69 65
HSIL 0.3704 0 144 45 210
HSIL 0.3682 0 0 48 54
HSIL 0.3631 43 46 75 72
HSIL 0.3621 92 71 123 109
HSIL 0.3548 50 91 94 148
HSIL 0.3528 22 108 132 223
HSIL 0.3485 57 147 104 208
HSIL 0.3469 200 114 223 149
HSIL 0.3416 25 77 47 105
HSIL 0.3407 202 102 221 129
HSIL 0.3402 131 50 163 82
HSIL 0.3401 199 138 223 173
HSIL 0.3395 199 75 223 108
HSIL 0.3380 52 59 83 92
HSIL 0.3370 202 63 221 88
HSIL 0.3360 8 70 32 96
HSIL 0.3345 69 42 100 76
HSIL 0.3331 199 186 223 220
HSIL 0.3327 201 157 221 186
HSIL 0.3314 199 10 223 44
HSIL 0.3306 79 86 105 112
HSIL 0.3290 8 31 31 56
HSIL 0.3271 73 62 96 88
HSIL 0.3269 202 47 221 72
HSIL 0.3266 89 147 135 208
HSIL 0.3264 2 108 43 164
HSIL 0.3252 87 99 121 141
HSIL 0.3250 33 114 78 157
HSIL 0.3247 41 78 62 104
HSIL 0.3246 201 173 221 202
HSIL 0.3237 90 95 110 120
HSIL 0.3237 0 62 23 88
HSIL 0.3236 17 23 39 48
HSIL 0.3235 202 31 221 56
HSIL 0.3214 0 97 25 141
HSIL 0.3184 194 95 214 120
HSIL 0.3178 164 47 200 91
HSIL 0.3175 202 0 221 24
HSIL 0.3166 0 138 25 173
HSIL 0.3165 1 79 22 104
HSIL 0.3155 147 59 188 114
HSIL 0.3150 18 130 64 174
HSIL 0.3131 9 87 30 112
HSIL 0.3127 117 82 154 124
HSIL 0.3122 33 87 54 112
HSIL 0.3120 194 56 214 79
HSIL 0.3093 26 96 46 119
HSIL 0.3081 42 96 62 119
HSIL 0.3079 58 79 78 103
HSIL 0.3078 1 127 22 152
HSIL 0.3075 51 130 94 174
HSIL 0.3073 10 112 30 135
HSIL 0.3060 50 88 70 111
HSIL 0.3058 107 76 139 105
HSIL 0.3050 84 114 137 175
HSIL 0.3048 18 104 38 127
HSIL 0.3047 34 104 54 127
HSIL 0.3039 26 112 45 135
HSIL 0.3035 106 176 125 200
HSIL 0.3032 6 156 33 187
HSIL 0.3032 100 91 131 124
HSIL 0.3029 194 39 214 64
HSIL 0.3028 50 104 69 127
HSIL 0.3027 64 114 111 157
HSIL 0.3026 52 27 83 60
HSIL 0.3023 58 96 77 119
HSIL 0.3021 89 109 193 223
HSIL 0.3021 90 176 109 200
HSIL 0.3020 17 135 38 160
HSIL 0.3019 74 176 93 200
HSIL 0.3014 1 23 22 47
HSIL 0.3013 42 112 61 135
HSIL 0.3007 122 176 141 200
HSIL 0.3007 106 160 125 184
HSIL 0.3004 26 15 46 40
