HSIL 0.6681 45 55 124 119
HSIL 0.4910 23 43 179 156
HSIL 0.4831 59 87 112 142
HSIL 0.4742 153 176 171 196
HSIL 0.4739 91 75 144 127
HSIL 0.4702 146 174 184 215
HSIL 0.4692 36 78 86 121
HSIL 0.4572 121 151 178 206
HSIL 0.4534 60 16 145 97
HSIL 0.4525 81 109 126 159
HSIL 0.4503 47 67 74 101
HSIL 0.4503 52 112 94 156
HSIL 0.4451 151 156 175 190
HSIL 0.4446 157 167 204 201
HSIL 0.4415 3 0 109 112
HSIL 0.4412 95 55 138 94
HSIL 0.4382 130 179 166 209
HSIL 0.4346 17 94 65 142
HSIL 0.4332 50 117 174 223
HSIL 0.4322 20 112 82 177
HSIL 0.4306 80 69 114 111
HSIL 0.4247 104 51 177 110
HSIL 0.4244 66 122 110 178
HSIL 0.4213 111 94 159 144
HSIL 0.4163 17 64 67 111
HSIL 0.4153 81 43 122 78
HSIL 0.4125 65 60 103 94
HSIL 0.4113 115 111 177 181
HSIL 0.4103 50 145 112 209
HSIL 0.4100 0 144 49 210
HSIL 0.4090 52 98 84 132
HSIL 0.4048 98 123 142 178
HSIL 0.4011 135 158 161 185
HSIL 0.3994 98 159 145 207
HSIL 0.3974 32 85 57 112
HSIL 0.3939 50 52 86 84
HSIL 0.3918 83 141 126 194
HSIL 0.3909 2 77 48 129
HSIL 0.3904 160 188 205 223
HSIL 0.3904 78 92 104 120
HSIL 0.3896 31 70 57 97
HSIL 0.3891 148 128 187 176
HSIL 0.3877 146 50 207 113
HSIL 0.3847 117 185 148 220
HSIL 0.3807 130 82 175 124
HSIL 0.3807 104 78 128 104
HSIL 0.3797 23 177 77 223
HSIL 0.3797 40 102 64 128
HSIL 0.3786 167 182 192 207
HSIL 0.3774 96 94 119 120
HSIL 0.3773 110 16 175 80
HSIL 0.3761 176 96 214 133
HSIL 0.3751 72 110 95 137
HSIL 0.3738 119 53 223 170
HSIL 0.3726 178 142 221 192
HSIL 0.3708 25 94 47 120
HSIL 0.3706 144 92 194 141
HSIL 0.3701 83 174 126 223
HSIL 0.3698 2 108 46 160
HSIL 0.3694 71 48 97 73
HSIL 0.3686 38 54 66 81
HSIL 0.3679 167 158 192 184
HSIL 0.3664 141 194 171 223
HSIL 0.3644 88 102 111 128
HSIL 0.3636 193 159 214 184
HSIL 0.3630 79 125 105 153
HSIL 0.3607 52 139 83 172
HSIL 0.3599 198 170 223 204
HSIL 0.3591 37 145 75 189
HSIL 0.3588 165 111 202 158
HSIL 0.3585 132 138 164 173
HSIL 0.3583 79 142 105 169
HSIL 0.3580 102 126 129 153
HSIL 0.3577 33 110 55 136
HSIL 0.3573 49 118 71 144
HSIL 0.3572 2 47 47 98
HSIL 0.3570 165 84 200 119
HSIL 0.3567 89 135 110 159
HSIL 0.3561 113 87 135 111
HSIL 0.3549 116 67 147 100
HSIL 0.3528 97 143 118 168
HSIL 0.3515 103 109 129 137
HSIL 0.3515 29 123 59 156
HSIL 0.3514 151 109 177 137
HSIL 0.3513 202 151 221 176
HSIL 0.3509 118 142 145 169
HSIL 0.3504 121 158 143 184
HSIL 0.3503 184 166 208 192
HSIL 0.3501 189 187 219 219
HSIL 0.3500 118 94 145 121
HSIL 0.3500 180 17 223 80
HSIL 0.3498 17 103 39 128
HSIL 0.3476 113 135 134 159
HSIL 0.3468 41 143 63 168
HSIL 0.3467 25 63 47 88
HSIL 0.3465 89 151 110 175
HSIL 0.3464 95 158 121 185
HSIL 0.3462 102 190 129 216
HSIL 0.3462 17 87 39 111
HSIL 0.3460 118 126 145 153
HSIL 0.3459 8 95 31 120
HSIL 0.3454 54 158 81 185
HSIL 0.3453 148 0 205 48
HSIL 0.3452 97 119 118 144
HSIL 0.3451 113 119 134 143
HSIL 0.3448 105 174 127 200
HSIL 0.3448 118 110 145 137
HSIL 0.3448 9 111 31 136
HSIL 0.3446 113 103 134 128
HSIL 0.3446 145 103 166 127
HSIL 0.3444 68 155 99 188
HSIL 0.3440 105 151 126 175
HSIL 0.3440 193 143 214 168
HSIL 0.3439 17 119 39 143
HSIL 0.3429 185 151 207 176
HSIL 0.3420 20 37 62 76
HSIL 0.3409 161 119 182 143
HSIL 0.3405 198 107 223 139
HSIL 0.3396 129 87 151 111
HSIL 0.3391 53 171 83 204
HSIL 0.3387 134 110 162 137
HSIL 0.3387 1 102 22 128
HSIL 0.3367 31 150 57 177
HSIL 0.3364 0 86 24 113
HSIL 0.3361 129 103 151 127
HSIL 0.3360 202 135 221 160
HSIL 0.3348 89 167 110 191
HSIL 0.3345 17 71 39 96
HSIL 0.3345 9 79 31 104
HSIL 0.3337 89 191 110 215
HSIL 0.3334 28 162 59 196
HSIL 0.3329 0 178 26 213
HSIL 0.3327 141 123 170 156
HSIL 0.3324 137 79 159 104
HSIL 0.3322 119 54 145 80
HSIL 0.3321 3 14 45 66
HSIL 0.3320 198 44 223 75
HSIL 0.3319 60 187 91 219
HSIL 0.3318 201 95 222 119
HSIL 0.3318 0 154 26 189
HSIL 0.3311 176 71 217 110
HSIL 0.3308 105 47 127 72
HSIL 0.3308 182 118 209 145
HSIL 0.3307 9 126 31 152
HSIL 0.3305 101 20 138 61
HSIL 0.3302 5 139 35 172
HSIL 0.3285 9 63 31 87
HSIL 0.3285 129 120 150 143
HSIL 0.3284 0 70 24 97
HSIL 0.3283 1 118 23 144
HSIL 0.3283 202 31 221 56
HSIL 0.3268 79 183 105 208
HSIL 0.3264 25 143 47 168
HSIL 0.3263 47 190 73 216
HSIL 0.3262 132 59 163 92
HSIL 0.3261 198 12 223 43
HSIL 0.3255 194 128 214 151
HSIL 0.3252 161 143 182 168
HSIL 0.3244 145 87 166 112
HSIL 0.3243 202 63 222 88
HSIL 0.3236 73 176 94 199
HSIL 0.3232 97 200 118 223
HSIL 0.3228 17 56 38 79
HSIL 0.3215 0 54 24 81
HSIL 0.3203 170 127 190 151
HSIL 0.3202 64 19 109 63
HSIL 0.3196 21 3 58 44
HSIL 0.3195 41 183 62 207
HSIL 0.3184 33 16 80 67
HSIL 0.3182 30 190 57 216
HSIL 0.3179 9 47 30 71
HSIL 0.3177 12 187 43 220
HSIL 0.3176 150 35 186 76
HSIL 0.3175 82 200 102 223
HSIL 0.3173 14 158 42 185
HSIL 0.3172 202 79 222 103
HSIL 0.3161 185 136 206 159
HSIL 0.3141 0 3 26 36
HSIL 0.3138 1 199 22 223
HSIL 0.3135 177 143 199 168
HSIL 0.3131 209 191 223 216
HSIL 0.3126 34 39 54 63
HSIL 0.3125 202 0 221 23
HSIL 0.3123 25 0 46 23
HSIL 0.3122 14 174 41 201
HSIL 0.3118 134 3 170 43
HSIL 0.3113 121 207 142 223
HSIL 0.3107 1 39 22 64
HSIL 0.3093 17 40 38 63
HSIL 0.3084 26 31 46 55
HSIL 0.3083 18 7 38 31
HSIL 0.3077 130 48 150 71
HSIL 0.3063 114 40 134 63
HSIL 0.3062 41 200 62 223
HSIL 0.3053 97 39 118 64
HSIL 0.3048 10 32 30 55
HSIL 0.3046 1 23 22 48
HSIL 0.3045 65 39 87 64
HSIL 0.3038 154 56 173 79
HSIL 0.3035 34 24 53 47
HSIL 0.3029 146 48 166 71
HSIL 0.3009 41 32 62 55
HSIL 0.3004 148 67 179 100
