HSIL 0.6571 3 5 56 90
HSIL 0.4838 15 58 59 108
HSIL 0.4802 0 0 168 100
HSIL 0.4699 4 149 78 217
HSIL 0.4580 0 31 111 190
HSIL 0.4555 94 78 144 124
HSIL 0.4554 47 47 99 92
HSIL 0.4530 65 62 113 111
HSIL 0.4521 0 71 47 147
HSIL 0.4504 47 173 90 219
HSIL 0.4494 53 50 169 170
HSIL 0.4480 0 47 34 87
HSIL 0.4476 116 81 173 140
HSIL 0.4472 81 12 142 76
HSIL 0.4451 33 77 78 126
HSIL 0.4445 74 58 91 76
HSIL 0.4382 102 43 182 118
HSIL 0.4361 84 111 144 176
HSIL 0.4360 115 65 156 108
HSIL 0.4337 121 96 140 118
HSIL 0.4334 117 114 174 176
HSIL 0.4291 82 93 127 141
HSIL 0.4276 62 159 111 207
HSIL 0.4263 0 112 53 183
HSIL 0.4253 76 60 104 88
HSIL 0.4250 46 111 111 177
HSIL 0.4233 48 146 91 194
HSIL 0.4184 52 121 173 223
HSIL 0.4167 41 8 100 71
HSIL 0.4157 84 148 145 206
HSIL 0.4156 94 84 118 111
HSIL 0.4121 125 0 223 97
HSIL 0.4100 148 49 209 109
HSIL 0.4091 111 0 173 46
HSIL 0.4084 11 25 44 63
HSIL 0.4055 99 18 134 51
HSIL 0.4049 49 92 95 144
HSIL 0.4047 148 82 208 143
HSIL 0.4044 89 70 111 100
HSIL 0.4043 20 95 61 141
HSIL 0.4026 126 85 150 114
HSIL 0.4002 24 40 59 78
HSIL 0.3982 180 32 221 77
HSIL 0.3952 112 29 157 80
HSIL 0.3914 125 101 153 129
HSIL 0.3892 1 142 21 166
HSIL 0.3888 33 160 70 200
HSIL 0.3854 29 131 79 176
HSIL 0.3854 65 191 109 223
HSIL 0.3847 80 85 105 111
HSIL 0.3830 123 87 223 202
HSIL 0.3823 131 52 170 92
HSIL 0.3821 31 61 54 88
HSIL 0.3770 55 62 81 87
HSIL 0.3752 69 33 98 71
HSIL 0.3715 146 110 189 160
HSIL 0.3713 150 146 207 207
HSIL 0.3713 127 72 150 95
HSIL 0.3706 104 102 128 127
HSIL 0.3694 196 50 223 90
HSIL 0.3686 149 0 204 46
HSIL 0.3662 0 119 26 157
HSIL 0.3638 49 3 85 33
HSIL 0.3628 118 146 154 188
HSIL 0.3624 55 47 81 72
HSIL 0.3621 148 33 189 77
HSIL 0.3618 10 189 66 223
HSIL 0.3581 131 158 173 209
HSIL 0.3576 101 178 139 220
HSIL 0.3562 0 8 33 47
HSIL 0.3551 114 110 134 136
HSIL 0.3524 180 141 221 193
HSIL 0.3513 181 81 219 125
HSIL 0.3511 180 110 221 160
HSIL 0.3507 97 69 133 98
HSIL 0.3498 161 130 206 173
HSIL 0.3488 34 26 69 61
HSIL 0.3458 196 19 223 59
HSIL 0.3436 82 0 127 39
HSIL 0.3419 3 146 36 181
HSIL 0.3417 180 173 221 223
HSIL 0.3402 150 178 186 220
HSIL 0.3401 7 68 33 97
HSIL 0.3391 84 46 115 73
HSIL 0.3383 25 78 46 104
HSIL 0.3382 64 183 87 207
HSIL 0.3374 86 27 116 58
HSIL 0.3365 10 0 67 36
HSIL 0.3358 137 96 158 119
HSIL 0.3355 29 151 57 177
HSIL 0.3331 56 159 78 184
HSIL 0.3328 199 131 223 171
HSIL 0.3320 38 70 65 97
HSIL 0.3314 0 35 21 68
HSIL 0.3307 199 163 223 203
HSIL 0.3305 185 54 207 79
HSIL 0.3280 199 100 223 139
HSIL 0.3257 65 168 86 191
HSIL 0.3245 118 197 153 223
HSIL 0.3242 139 75 173 108
HSIL 0.3226 67 0 100 26
HSIL 0.3221 118 30 143 56
HSIL 0.3214 11 134 44 161
HSIL 0.3211 0 165 26 210
HSIL 0.3208 104 36 128 65
HSIL 0.3208 169 64 190 87
HSIL 0.3194 165 196 202 223
HSIL 0.3187 1 198 23 223
HSIL 0.3184 62 78 90 105
HSIL 0.3176 48 152 71 176
HSIL 0.3176 162 72 182 94
HSIL 0.3143 46 196 74 223
HSIL 0.3142 70 94 98 121
HSIL 0.3114 69 13 98 41
HSIL 0.3113 176 38 201 64
HSIL 0.3113 129 55 150 81
HSIL 0.3103 208 38 223 65
HSIL 0.3089 74 176 94 199
HSIL 0.3085 89 103 110 128
HSIL 0.3078 97 56 118 79
HSIL 0.3061 33 87 54 111
HSIL 0.3046 40 143 63 168
HSIL 0.3041 54 30 82 57
HSIL 0.3040 161 55 183 80
HSIL 0.3031 198 196 223 223
HSIL 0.3027 1 78 23 104
HSIL 0.3023 109 54 138 81
HSIL 0.3020 138 112 158 135
HSIL 0.3019 153 64 175 87
HSIL 0.3016 122 119 141 143
HSIL 0.3015 169 47 191 72
HSIL 0.3007 140 17 172 52
HSIL 0.3005 33 136 54 160
