LSIL 0.3255 185 62 223 101
HSIL 0.5856 114 75 198 193
HSIL 0.4993 11 142 78 204
HSIL 0.4934 8 102 223 223
HSIL 0.4760 19 171 60 218
HSIL 0.4716 135 136 190 187
HSIL 0.4699 116 93 167 145
HSIL 0.4654 73 138 159 205
HSIL 0.4654 149 105 207 168
HSIL 0.4642 115 54 180 125
HSIL 0.4612 39 9 188 157
HSIL 0.4610 0 47 109 179
HSIL 0.4537 46 162 95 203
HSIL 0.4512 86 54 146 111
HSIL 0.4491 43 81 121 146
HSIL 0.4465 177 128 220 174
HSIL 0.4452 25 163 49 197
HSIL 0.4450 99 110 147 159
HSIL 0.4449 157 156 206 206
HSIL 0.4441 28 136 57 176
HSIL 0.4392 49 50 114 109
HSIL 0.4366 34 152 65 191
HSIL 0.4342 44 127 99 177
HSIL 0.4321 18 17 82 79
HSIL 0.4260 33 189 77 223
HSIL 0.4253 83 15 142 80
HSIL 0.4250 114 12 176 80
HSIL 0.4237 81 123 129 177
HSIL 0.4231 0 81 52 143
HSIL 0.4223 121 175 175 223
HSIL 0.4211 18 114 62 161
HSIL 0.4165 157 82 206 128
HSIL 0.4139 66 146 110 188
HSIL 0.4105 127 102 152 127
HSIL 0.4088 172 98 223 143
HSIL 0.4072 2 190 46 223
HSIL 0.4060 15 140 43 170
HSIL 0.4045 64 113 114 157
HSIL 0.4041 63 174 111 223
HSIL 0.4006 137 76 158 104
HSIL 0.3983 52 0 109 46
HSIL 0.3969 118 1 156 37
HSIL 0.3952 17 180 41 207
HSIL 0.3943 34 62 78 112
HSIL 0.3937 33 97 79 141
HSIL 0.3933 1 30 45 81
HSIL 0.3933 98 173 142 223
HSIL 0.3930 146 97 179 136
HSIL 0.3923 156 121 184 159
HSIL 0.3902 66 29 110 81
HSIL 0.3893 178 173 221 223
HSIL 0.3883 0 155 35 210
HSIL 0.3813 1 0 45 48
HSIL 0.3810 4 66 42 109
HSIL 0.3804 196 146 223 188
HSIL 0.3803 17 50 63 92
HSIL 0.3792 26 128 46 153
HSIL 0.3750 116 82 149 118
HSIL 0.3747 108 100 142 131
HSIL 0.3735 37 3 74 43
HSIL 0.3733 144 55 192 93
HSIL 0.3705 85 3 125 43
HSIL 0.3700 39 182 63 208
HSIL 0.3670 123 136 158 175
HSIL 0.3623 166 139 191 170
HSIL 0.3617 46 142 73 169
HSIL 0.3600 149 194 186 223
HSIL 0.3589 48 175 70 199
HSIL 0.3564 0 125 33 180
HSIL 0.3556 135 154 163 184
HSIL 0.3512 150 84 177 115
HSIL 0.3489 134 122 163 154
HSIL 0.3465 0 50 24 91
HSIL 0.3462 54 158 81 184
HSIL 0.3462 0 18 24 60
HSIL 0.3438 167 157 191 185
HSIL 0.3410 85 195 123 223
HSIL 0.3408 173 124 202 154
HSIL 0.3369 38 126 65 153
HSIL 0.3364 144 0 204 47
HSIL 0.3324 22 0 58 26
HSIL 0.3314 113 125 136 153
HSIL 0.3295 164 107 195 139
HSIL 0.3295 125 58 156 93
HSIL 0.3286 105 118 127 144
HSIL 0.3243 9 128 31 151
HSIL 0.3219 128 165 152 192
HSIL 0.3211 149 164 178 192
HSIL 0.3211 177 151 198 176
HSIL 0.3205 34 120 53 143
HSIL 0.3193 169 175 190 199
HSIL 0.3171 97 111 119 136
HSIL 0.3162 18 120 38 143
HSIL 0.3150 0 84 25 115
HSIL 0.3145 1 183 22 208
HSIL 0.3139 195 81 223 126
HSIL 0.3124 0 0 24 26
HSIL 0.3116 108 139 139 172
HSIL 0.3113 198 196 223 223
HSIL 0.3110 196 122 223 156
HSIL 0.3104 148 19 223 146
HSIL 0.3104 177 168 198 191
HSIL 0.3100 66 152 86 175
HSIL 0.3096 2 104 21 127
HSIL 0.3092 1 167 23 192
HSIL 0.3091 92 92 123 123
HSIL 0.3083 185 143 206 168
HSIL 0.3077 58 184 78 207
HSIL 0.3068 58 136 78 159
HSIL 0.3067 66 168 86 191
HSIL 0.3049 137 174 159 200
HSIL 0.3046 10 48 29 71
HSIL 0.3039 10 64 29 87
HSIL 0.3038 135 0 174 25
HSIL 0.3037 113 7 135 31
HSIL 0.3037 10 32 29 55
HSIL 0.3037 1 143 23 167
HSIL 0.3035 158 35 212 81
HSIL 0.3035 97 127 118 151
HSIL 0.3034 2 120 22 143
HSIL 0.3029 185 160 206 183
HSIL 0.3028 10 16 30 39
HSIL 0.3018 76 100 107 131
HSIL 0.3018 10 112 30 135
HSIL 0.3016 74 144 94 167
HSIL 0.3011 77 76 107 107
HSIL 0.3005 74 160 94 183
