LSIL 0.4840 171 0 221 27
LSIL 0.4430 26 0 76 31
LSIL 0.4327 171 8 223 65
LSIL 0.4222 144 1 195 44
LSIL 0.4074 166 0 194 19
LSIL 0.3982 60 165 104 211
LSIL 0.3966 125 20 223 141
LSIL 0.3920 173 11 203 40
LSIL 0.3771 16 35 54 68
LSIL 0.3746 163 32 204 78
LSIL 0.3739 198 10 223 42
LSIL 0.3718 0 0 56 52
LSIL 0.3613 109 8 177 90
LSIL 0.3579 178 47 223 114
LSIL 0.3576 18 82 54 117
LSIL 0.3480 23 0 50 18
LSIL 0.3470 202 0 223 20
LSIL 0.3463 0 40 52 100
LSIL 0.3462 110 64 160 111
LSIL 0.3420 144 48 191 94
LSIL 0.3398 92 108 126 154
LSIL 0.3379 194 33 223 78
LSIL 0.3333 52 0 82 20
LSIL 0.3225 57 120 94 160
LSIL 0.3194 76 115 108 149
LSIL 0.3168 94 85 140 131
LSIL 0.3159 2 75 37 106
LSIL 0.3143 99 51 140 94
LSIL 0.3101 23 0 124 56
LSIL 0.3086 126 81 175 128
LSIL 0.3081 5 52 35 82
LSIL 0.3068 85 129 116 164
LSIL 0.3049 133 0 172 28
LSIL 0.3018 9 98 44 134
LSIL 0.3006 0 70 18 97
HSIL 0.5824 88 145 175 216
HSIL 0.4803 135 156 191 208
HSIL 0.4579 103 187 162 223
HSIL 0.4439 0 124 104 215
HSIL 0.4430 157 171 208 223
HSIL 0.4383 147 194 186 223
HSIL 0.4359 16 141 62 194
HSIL 0.4293 123 128 177 184
HSIL 0.4095 88 195 127 223
HSIL 0.4007 133 157 162 190
HSIL 0.3934 0 109 46 158
HSIL 0.3929 18 169 61 223
HSIL 0.3903 103 72 223 223
HSIL 0.3865 178 162 219 205
HSIL 0.3863 5 141 34 168
HSIL 0.3830 46 148 72 178
HSIL 0.3817 31 124 58 153
HSIL 0.3751 52 171 129 220
HSIL 0.3675 156 125 208 181
HSIL 0.3654 98 164 134 210
HSIL 0.3630 149 173 175 200
HSIL 0.3600 133 177 162 210
HSIL 0.3592 38 125 82 169
HSIL 0.3575 45 145 98 193
HSIL 0.3530 180 195 218 223
HSIL 0.3504 0 51 92 176
HSIL 0.3417 24 165 49 193
HSIL 0.3405 0 157 32 207
HSIL 0.3366 111 139 151 173
HSIL 0.3361 0 132 19 162
HSIL 0.3360 36 106 66 142
HSIL 0.3349 65 12 109 66
HSIL 0.3334 2 15 37 56
HSIL 0.3315 110 203 136 223
HSIL 0.3296 136 143 159 169
HSIL 0.3295 160 167 183 191
HSIL 0.3252 5 195 42 223
HSIL 0.3246 146 115 187 159
HSIL 0.3241 38 193 75 223
HSIL 0.3230 197 147 223 188
HSIL 0.3227 49 30 93 81
HSIL 0.3219 84 3 123 43
HSIL 0.3206 1 102 24 130
HSIL 0.3199 148 149 178 179
HSIL 0.3174 161 183 182 207
HSIL 0.3129 127 199 152 223
HSIL 0.3102 46 81 116 148
HSIL 0.3093 32 43 73 97
HSIL 0.3078 25 181 47 209
HSIL 0.3063 169 176 190 199
HSIL 0.3039 68 4 98 33
HSIL 0.3036 0 149 19 177
HSIL 0.3015 45 28 73 59
HSIL 0.3013 180 114 218 157
HSIL 0.3007 30 78 74 128
