LSIL 0.4176 0 72 39 110
LSIL 0.3712 7 196 50 223
LSIL 0.3577 63 161 102 198
LSIL 0.3446 11 95 43 136
LSIL 0.3352 0 87 25 126
LSIL 0.3336 0 148 30 193
LSIL 0.3111 20 182 51 211
HSIL 0.4958 100 83 179 138
HSIL 0.4871 0 82 149 202
HSIL 0.4719 83 20 212 147
HSIL 0.4689 165 92 191 123
HSIL 0.4646 79 98 150 167
HSIL 0.4536 170 70 223 128
HSIL 0.4520 141 106 194 159
HSIL 0.4451 156 14 214 83
HSIL 0.4396 113 126 158 173
HSIL 0.4360 52 125 115 179
HSIL 0.4335 198 59 221 93
HSIL 0.4326 110 100 150 133
HSIL 0.4279 147 100 182 127
HSIL 0.4272 177 109 222 159
HSIL 0.4266 74 144 142 208
HSIL 0.4219 16 135 53 175
HSIL 0.4192 190 73 217 106
HSIL 0.4187 168 109 189 134
HSIL 0.4168 26 136 88 191
HSIL 0.4146 152 67 192 116
HSIL 0.4133 0 102 63 187
HSIL 0.4117 79 116 209 223
HSIL 0.4116 116 149 176 211
HSIL 0.4090 161 125 206 176
HSIL 0.4069 40 121 77 157
HSIL 0.4011 137 0 159 23
HSIL 0.4008 194 35 223 78
HSIL 0.3937 172 0 223 49
HSIL 0.3933 67 122 97 158
HSIL 0.3917 146 141 190 192
HSIL 0.3897 131 109 160 134
HSIL 0.3877 16 158 62 205
HSIL 0.3876 38 137 66 171
HSIL 0.3875 47 198 73 223
HSIL 0.3873 60 138 91 169
HSIL 0.3870 183 93 208 120
HSIL 0.3842 104 94 130 124
HSIL 0.3837 56 93 116 143
HSIL 0.3824 110 14 187 83
HSIL 0.3805 0 151 111 223
HSIL 0.3765 146 59 180 91
HSIL 0.3764 35 73 69 110
HSIL 0.3752 2 119 39 160
HSIL 0.3747 162 156 206 210
HSIL 0.3732 149 83 223 203
HSIL 0.3696 97 176 141 223
HSIL 0.3676 91 104 127 141
HSIL 0.3669 178 140 221 194
HSIL 0.3660 181 185 222 222
HSIL 0.3645 117 0 176 44
HSIL 0.3643 131 93 164 123
HSIL 0.3637 168 57 207 94
HSIL 0.3618 127 6 154 31
HSIL 0.3613 30 43 128 122
HSIL 0.3612 147 176 191 223
HSIL 0.3566 20 14 80 75
HSIL 0.3536 32 179 79 218
HSIL 0.3518 78 140 105 172
HSIL 0.3485 50 159 97 202
HSIL 0.3485 126 61 168 105
HSIL 0.3480 161 118 182 144
HSIL 0.3461 197 130 223 172
HSIL 0.3455 200 24 221 50
HSIL 0.3453 149 7 193 49
HSIL 0.3439 76 79 121 118
HSIL 0.3434 207 77 223 105
HSIL 0.3423 85 15 141 78
HSIL 0.3410 146 0 180 26
HSIL 0.3406 91 145 122 182
HSIL 0.3375 141 118 171 145
HSIL 0.3361 197 163 223 206
HSIL 0.3360 116 82 146 118
HSIL 0.3324 83 122 116 157
HSIL 0.3317 71 109 94 138
HSIL 0.3316 95 47 146 99
HSIL 0.3314 51 0 93 49
HSIL 0.3283 2 0 44 50
HSIL 0.3276 0 180 48 223
HSIL 0.3274 38 108 66 140
HSIL 0.3273 84 198 120 223
HSIL 0.3257 197 90 223 125
HSIL 0.3246 133 196 170 223
HSIL 0.3245 102 123 130 155
HSIL 0.3222 185 111 206 135
HSIL 0.3205 86 3 122 43
HSIL 0.3199 152 46 175 73
HSIL 0.3189 120 125 143 153
HSIL 0.3188 50 30 94 81
HSIL 0.3184 67 14 109 65
HSIL 0.3179 174 118 201 145
HSIL 0.3172 101 75 131 108
HSIL 0.3172 48 65 71 88
HSIL 0.3163 144 13 168 41
HSIL 0.3144 175 29 214 57
HSIL 0.3113 39 0 73 26
HSIL 0.3113 63 52 111 98
HSIL 0.3106 95 165 118 193
HSIL 0.3096 177 200 199 223
HSIL 0.3082 0 191 22 218
HSIL 0.3062 121 0 143 23
HSIL 0.3057 71 0 105 26
HSIL 0.3054 32 51 80 96
HSIL 0.3040 193 15 215 40
HSIL 0.3017 105 143 126 168
