LSIL 0.3569 74 144 107 183
LSIL 0.3224 0 0 53 48
LSIL 0.3218 176 0 223 50
LSIL 0.3203 123 0 223 106
LSIL 0.3128 100 84 133 129
LSIL 0.3061 172 43 223 119
LSIL 0.3053 82 89 115 126
LSIL 0.3049 127 18 174 62
LSIL 0.3029 112 32 159 79
HSIL 0.5778 82 97 188 200
HSIL 0.4841 142 129 181 171
HSIL 0.4687 106 153 162 202
HSIL 0.4668 155 135 207 196
HSIL 0.4597 19 108 67 163
HSIL 0.4543 0 90 101 186
HSIL 0.4519 125 172 175 223
HSIL 0.4444 17 137 81 207
HSIL 0.4409 2 88 50 149
HSIL 0.4406 157 119 203 159
HSIL 0.4394 101 174 142 217
HSIL 0.4296 49 139 129 201
HSIL 0.4288 42 112 95 158
HSIL 0.4200 142 97 190 149
HSIL 0.4187 3 128 50 171
HSIL 0.4095 177 130 220 173
HSIL 0.4091 161 175 203 222
HSIL 0.4057 22 79 85 132
HSIL 0.4045 6 73 34 109
HSIL 0.4016 176 156 221 209
HSIL 0.4004 55 117 80 145
HSIL 0.3948 13 109 42 137
HSIL 0.3930 38 92 67 121
HSIL 0.3884 32 133 58 162
HSIL 0.3799 3 23 149 144
HSIL 0.3794 58 176 111 223
HSIL 0.3763 105 132 144 177
HSIL 0.3748 0 57 26 94
HSIL 0.3708 0 112 27 157
HSIL 0.3662 2 156 45 209
HSIL 0.3662 114 165 145 190
HSIL 0.3621 1 29 22 58
HSIL 0.3613 112 121 167 160
HSIL 0.3611 85 194 123 223
HSIL 0.3608 29 111 58 137
HSIL 0.3603 143 119 169 147
HSIL 0.3588 0 90 24 124
HSIL 0.3576 41 134 77 173
HSIL 0.3564 38 50 117 115
HSIL 0.3548 9 47 71 114
HSIL 0.3538 138 150 173 191
HSIL 0.3527 196 147 223 188
HSIL 0.3517 20 179 74 223
HSIL 0.3495 45 72 73 111
HSIL 0.3487 16 125 40 153
HSIL 0.3474 23 149 50 177
HSIL 0.3464 175 94 223 147
HSIL 0.3452 50 12 90 65
HSIL 0.3444 158 148 183 176
HSIL 0.3442 70 107 139 168
HSIL 0.3427 61 91 110 141
HSIL 0.3419 69 125 99 155
HSIL 0.3416 53 3 79 36
HSIL 0.3401 17 82 52 113
HSIL 0.3372 1 6 38 48
HSIL 0.3368 0 146 26 187
HSIL 0.3357 120 106 157 141
HSIL 0.3356 197 115 223 156
HSIL 0.3354 180 196 218 223
HSIL 0.3331 90 172 125 200
HSIL 0.3305 68 3 107 43
HSIL 0.3276 0 77 17 105
HSIL 0.3231 65 0 86 24
HSIL 0.3214 2 40 39 77
HSIL 0.3171 63 172 90 202
HSIL 0.3165 34 31 69 72
HSIL 0.3154 163 83 203 126
HSIL 0.3142 136 175 159 199
HSIL 0.3125 65 30 111 82
HSIL 0.3116 53 151 85 191
HSIL 0.3111 169 199 191 222
HSIL 0.3107 64 15 86 40
HSIL 0.3105 177 144 198 167
HSIL 0.3090 0 12 17 42
HSIL 0.3088 95 60 143 113
HSIL 0.3087 87 13 141 79
HSIL 0.3086 80 182 103 207
HSIL 0.3086 0 179 24 219
HSIL 0.3081 116 74 181 135
HSIL 0.3081 5 197 41 223
HSIL 0.3069 152 111 174 137
HSIL 0.3060 128 182 151 208
HSIL 0.3028 0 44 16 73
HSIL 0.3026 37 156 67 187
HSIL 0.3024 130 90 164 125
