LSIL 0.3042 204 46 223 89
HSIL 0.6434 2 121 72 207
HSIL 0.5039 0 79 161 221
HSIL 0.4825 16 169 61 218
HSIL 0.4657 36 155 107 208
HSIL 0.4630 3 32 35 71
HSIL 0.4562 81 176 129 223
HSIL 0.4524 82 174 101 195
HSIL 0.4502 82 120 199 223
HSIL 0.4426 111 114 171 176
HSIL 0.4393 0 1 91 95
HSIL 0.4387 108 181 162 219
HSIL 0.4375 34 189 77 223
HSIL 0.4332 75 135 133 196
HSIL 0.4283 89 54 193 170
HSIL 0.4278 104 199 123 219
HSIL 0.4264 9 19 62 65
HSIL 0.4242 9 81 86 160
HSIL 0.4230 18 150 53 193
HSIL 0.4225 32 121 107 182
HSIL 0.4211 79 156 105 190
HSIL 0.4211 7 192 44 223
HSIL 0.4204 15 48 61 92
HSIL 0.4174 83 79 145 145
HSIL 0.4169 0 160 36 203
HSIL 0.4142 104 130 140 168
HSIL 0.4133 114 81 150 118
HSIL 0.4114 130 161 172 209
HSIL 0.4079 26 138 57 172
HSIL 0.4032 47 115 93 151
HSIL 0.4002 68 176 101 213
HSIL 0.3989 3 57 44 116
HSIL 0.3966 37 172 62 200
HSIL 0.3954 135 189 159 214
HSIL 0.3949 146 145 209 206
HSIL 0.3935 94 175 120 199
HSIL 0.3926 78 114 132 160
HSIL 0.3903 143 181 188 218
HSIL 0.3824 33 35 76 75
HSIL 0.3802 184 165 219 198
HSIL 0.3797 129 96 174 142
HSIL 0.3781 59 103 111 138
HSIL 0.3779 137 106 216 181
HSIL 0.3759 59 0 163 104
HSIL 0.3754 48 17 112 80
HSIL 0.3694 0 51 24 80
HSIL 0.3688 99 45 142 103
HSIL 0.3682 40 145 78 182
HSIL 0.3649 22 37 47 65
HSIL 0.3637 144 79 192 129
HSIL 0.3629 59 166 93 192
HSIL 0.3629 114 14 173 82
HSIL 0.3627 14 23 39 49
HSIL 0.3617 126 72 173 107
HSIL 0.3611 51 84 92 127
HSIL 0.3608 0 129 33 174
HSIL 0.3607 0 0 30 54
HSIL 0.3604 201 159 222 185
HSIL 0.3570 47 166 71 191
HSIL 0.3566 151 112 190 156
HSIL 0.3555 33 0 78 49
HSIL 0.3552 92 156 123 186
HSIL 0.3525 32 61 79 114
HSIL 0.3513 84 204 116 223
HSIL 0.3508 128 175 152 202
HSIL 0.3503 122 138 155 171
HSIL 0.3490 118 198 146 223
HSIL 0.3474 49 183 70 208
HSIL 0.3444 183 66 219 110
HSIL 0.3425 136 44 215 117
HSIL 0.3415 197 176 223 219
HSIL 0.3408 84 0 140 46
HSIL 0.3402 183 16 222 65
HSIL 0.3393 52 52 91 92
HSIL 0.3391 143 197 167 223
HSIL 0.3379 66 62 112 113
HSIL 0.3359 179 126 220 174
HSIL 0.3346 24 55 46 79
HSIL 0.3346 33 122 67 157
HSIL 0.3338 144 175 166 201
HSIL 0.3328 164 196 202 223
HSIL 0.3326 2 100 48 144
HSIL 0.3317 70 3 105 43
HSIL 0.3306 146 14 207 80
HSIL 0.3275 199 5 223 45
HSIL 0.3249 102 86 131 111
HSIL 0.3247 73 151 95 176
HSIL 0.3229 85 35 122 76
HSIL 0.3225 33 32 54 55
HSIL 0.3222 77 119 106 143
HSIL 0.3207 107 153 140 190
HSIL 0.3204 53 133 82 162
HSIL 0.3194 167 102 193 129
HSIL 0.3185 112 70 136 99
HSIL 0.3180 199 47 223 93
HSIL 0.3180 33 48 54 71
HSIL 0.3175 0 82 25 124
HSIL 0.3157 96 126 121 153
HSIL 0.3152 118 3 154 43
HSIL 0.3149 22 0 57 28
HSIL 0.3148 84 140 116 170
HSIL 0.3147 178 184 197 206
HSIL 0.3137 17 62 38 89
HSIL 0.3119 112 175 135 200
HSIL 0.3117 25 16 46 39
HSIL 0.3113 137 167 158 192
HSIL 0.3105 148 50 188 92
HSIL 0.3102 176 95 221 145
HSIL 0.3099 127 127 150 153
HSIL 0.3082 54 0 89 27
HSIL 0.3079 127 158 153 185
HSIL 0.3062 199 87 223 112
HSIL 0.3053 68 130 100 164
HSIL 0.3049 109 117 139 147
HSIL 0.3047 186 39 207 64
HSIL 0.3042 165 3 204 45
HSIL 0.3037 161 192 182 215
HSIL 0.3026 1 182 23 208
HSIL 0.3025 157 137 187 173
HSIL 0.3018 169 176 191 199
HSIL 0.3014 172 155 204 188
HSIL 0.3012 0 29 19 58
HSIL 0.3007 137 152 158 175
HSIL 0.3005 140 130 172 164
