LSIL 0.3961 195 0 223 42
LSIL 0.3149 206 0 223 18
HSIL 0.5423 1 111 83 166
HSIL 0.5417 119 13 147 40
HSIL 0.4956 105 0 167 48
HSIL 0.4852 115 22 157 81
HSIL 0.4735 4 49 144 178
HSIL 0.4683 45 128 92 169
HSIL 0.4652 31 141 76 184
HSIL 0.4605 133 13 198 64
HSIL 0.4543 37 82 115 148
HSIL 0.4511 76 12 137 60
HSIL 0.4469 117 48 174 114
HSIL 0.4451 84 12 203 149
HSIL 0.4411 99 43 142 96
HSIL 0.4395 65 116 107 156
HSIL 0.4385 0 135 52 190
HSIL 0.4370 80 79 147 145
HSIL 0.4362 47 138 113 204
HSIL 0.4355 51 106 89 140
HSIL 0.4348 17 0 147 107
HSIL 0.4290 160 32 208 75
HSIL 0.4273 27 127 60 163
HSIL 0.4272 19 159 60 204
HSIL 0.4258 51 0 118 44
HSIL 0.4253 86 122 201 223
HSIL 0.4247 131 21 161 47
HSIL 0.4235 112 26 137 59
HSIL 0.4201 181 42 221 98
HSIL 0.4194 114 112 176 176
HSIL 0.4176 146 49 188 91
HSIL 0.4159 111 0 139 28
HSIL 0.4121 54 123 79 154
HSIL 0.4084 130 6 160 34
HSIL 0.4080 100 14 133 39
HSIL 0.4053 81 126 126 176
HSIL 0.4052 48 47 114 115
HSIL 0.4025 196 29 223 74
HSIL 0.3991 158 181 205 222
HSIL 0.3963 158 201 183 222
HSIL 0.3955 67 28 112 79
HSIL 0.3894 162 60 206 114
HSIL 0.3856 176 38 200 64
HSIL 0.3854 98 109 141 161
HSIL 0.3834 85 64 124 109
HSIL 0.3813 23 148 50 177
HSIL 0.3791 139 0 195 34
HSIL 0.3784 82 157 126 209
HSIL 0.3784 35 171 77 223
HSIL 0.3772 149 113 207 176
HSIL 0.3766 131 93 173 145
HSIL 0.3765 145 156 190 212
HSIL 0.3760 117 81 155 125
HSIL 0.3755 200 122 223 157
HSIL 0.3738 37 110 66 138
HSIL 0.3734 146 77 189 129
HSIL 0.3733 180 77 221 130
HSIL 0.3731 94 29 122 57
HSIL 0.3717 173 5 205 49
HSIL 0.3704 180 157 221 209
HSIL 0.3686 199 146 223 181
HSIL 0.3683 98 142 141 193
HSIL 0.3681 200 99 223 132
HSIL 0.3675 183 129 218 173
HSIL 0.3665 67 175 110 223
HSIL 0.3663 200 75 223 108
HSIL 0.3660 128 36 151 66
HSIL 0.3660 125 188 176 221
HSIL 0.3658 182 24 213 59
HSIL 0.3652 143 29 169 58
HSIL 0.3647 161 97 207 141
HSIL 0.3637 48 150 71 174
HSIL 0.3632 193 53 215 80
HSIL 0.3617 72 112 95 135
HSIL 0.3616 54 18 92 60
HSIL 0.3610 3 171 44 223
HSIL 0.3602 199 179 223 212
HSIL 0.3588 149 14 179 41
HSIL 0.3588 21 0 75 43
HSIL 0.3581 0 119 32 157
HSIL 0.3579 169 47 191 71
HSIL 0.3567 202 166 221 193
HSIL 0.3560 164 145 203 189
HSIL 0.3555 35 30 77 80
HSIL 0.3541 112 155 161 213
HSIL 0.3537 12 75 67 136
HSIL 0.3533 202 61 221 90
HSIL 0.3523 177 54 199 80
HSIL 0.3521 160 30 184 56
HSIL 0.3519 64 143 86 167
HSIL 0.3518 113 46 135 73
HSIL 0.3505 0 161 26 203
HSIL 0.3493 0 47 49 107
HSIL 0.3491 18 106 54 141
HSIL 0.3490 127 0 150 19
HSIL 0.3483 179 197 219 223
HSIL 0.3474 92 188 124 219
HSIL 0.3474 86 14 114 41
HSIL 0.3471 95 46 121 73
HSIL 0.3467 2 0 42 47
HSIL 0.3465 55 157 81 186
HSIL 0.3452 161 183 182 209
HSIL 0.3446 178 0 199 24
HSIL 0.3445 133 145 171 189
HSIL 0.3444 137 46 158 72
HSIL 0.3437 133 59 162 91
HSIL 0.3432 89 39 110 63
HSIL 0.3421 92 0 124 27
HSIL 0.3406 36 65 75 110
HSIL 0.3401 5 34 39 76
HSIL 0.3398 119 62 145 89
HSIL 0.3394 185 62 207 88
HSIL 0.3378 17 159 39 184
HSIL 0.3371 73 135 94 159
HSIL 0.3367 78 30 105 56
HSIL 0.3360 153 47 174 72
HSIL 0.3337 105 55 126 79
HSIL 0.3322 82 128 102 151
HSIL 0.3318 0 140 24 168
HSIL 0.3307 33 167 54 192
HSIL 0.3304 7 150 32 176
HSIL 0.3298 79 46 105 72
HSIL 0.3287 145 0 166 23
HSIL 0.3278 176 192 199 215
HSIL 0.3277 90 56 110 79
HSIL 0.3272 98 64 118 87
HSIL 0.3272 114 72 134 95
HSIL 0.3271 81 8 102 31
HSIL 0.3270 54 196 90 223
HSIL 0.3268 61 91 91 124
HSIL 0.3257 161 55 182 79
HSIL 0.3235 138 80 158 103
HSIL 0.3226 122 80 142 103
HSIL 0.3226 154 64 174 87
HSIL 0.3224 69 60 99 91
HSIL 0.3217 70 15 97 40
HSIL 0.3217 85 108 115 139
HSIL 0.3213 50 167 70 192
HSIL 0.3210 69 155 99 187
HSIL 0.3206 185 79 207 103
HSIL 0.3206 106 80 126 103
HSIL 0.3205 161 0 183 24
HSIL 0.3204 74 40 94 63
HSIL 0.3198 185 95 207 119
HSIL 0.3198 101 92 130 123
HSIL 0.3197 182 118 210 144
HSIL 0.3190 170 63 190 87
HSIL 0.3186 96 206 119 223
HSIL 0.3184 90 144 109 167
HSIL 0.3183 22 196 58 223
HSIL 0.3178 143 183 168 209
HSIL 0.3174 157 124 186 155
HSIL 0.3164 71 0 97 24
HSIL 0.3163 0 111 22 137
HSIL 0.3153 185 183 207 207
HSIL 0.3151 106 112 125 135
HSIL 0.3148 185 152 207 175
HSIL 0.3145 58 176 78 199
HSIL 0.3143 49 95 70 120
HSIL 0.3142 42 175 62 199
HSIL 0.3142 209 199 223 223
HSIL 0.3141 81 192 102 215
HSIL 0.3138 98 128 117 151
HSIL 0.3138 66 32 85 55
HSIL 0.3135 130 88 149 111
HSIL 0.3134 138 96 157 119
HSIL 0.3133 61 44 90 75
HSIL 0.3133 9 7 30 31
HSIL 0.3131 162 144 181 167
HSIL 0.3131 66 8 85 31
HSIL 0.3127 107 199 141 222
HSIL 0.3127 114 88 133 111
HSIL 0.3127 0 17 24 61
HSIL 0.3125 98 88 117 111
HSIL 0.3124 113 183 135 209
HSIL 0.3124 146 112 165 135
HSIL 0.3123 146 88 165 111
HSIL 0.3122 154 80 174 103
HSIL 0.3119 90 72 109 95
HSIL 0.3117 90 160 109 183
HSIL 0.3116 154 120 173 143
HSIL 0.3114 98 152 117 175
HSIL 0.3110 141 124 171 155
HSIL 0.3106 90 176 109 199
HSIL 0.3101 162 72 181 95
HSIL 0.3099 114 104 133 127
HSIL 0.3094 26 175 46 199
HSIL 0.3089 122 96 142 119
HSIL 0.3087 90 96 110 119
HSIL 0.3087 162 112 181 135
HSIL 0.3086 170 80 189 103
HSIL 0.3085 50 184 70 207
HSIL 0.3085 170 136 189 159
HSIL 0.3085 125 124 154 155
HSIL 0.3081 154 96 173 119
HSIL 0.3079 178 72 198 95
HSIL 0.3079 176 207 199 223
HSIL 0.3077 106 144 125 167
HSIL 0.3075 58 0 77 23
HSIL 0.3074 18 0 38 23
HSIL 0.3074 10 32 30 55
HSIL 0.3070 185 168 206 191
HSIL 0.3069 18 16 37 39
HSIL 0.3064 1 0 22 23
HSIL 0.3063 114 120 133 143
HSIL 0.3063 82 80 101 103
HSIL 0.3061 66 72 85 95
HSIL 0.3061 162 88 181 111
HSIL 0.3057 26 8 45 31
HSIL 0.3053 138 120 157 143
HSIL 0.3052 178 88 197 111
HSIL 0.3052 122 112 141 135
HSIL 0.3052 21 28 50 59
HSIL 0.3050 130 144 149 167
HSIL 0.3050 74 176 94 199
HSIL 0.3049 178 144 198 167
HSIL 0.3048 66 184 85 207
HSIL 0.3047 130 104 149 127
HSIL 0.3045 98 168 117 191
HSIL 0.3043 122 136 141 159
HSIL 0.3042 170 96 189 119
HSIL 0.3037 178 128 198 151
HSIL 0.3037 170 120 189 143
HSIL 0.3037 194 4 222 50
HSIL 0.3036 170 152 189 175
HSIL 0.3035 34 0 53 23
HSIL 0.3032 2 47 22 71
HSIL 0.3031 106 160 125 183
HSIL 0.3027 10 56 30 79
HSIL 0.3026 146 144 165 167
HSIL 0.3025 106 176 126 199
HSIL 0.3023 26 48 45 71
HSIL 0.3023 138 136 157 159
HSIL 0.3022 53 60 83 91
HSIL 0.3021 58 16 77 39
HSIL 0.3020 153 175 174 199
HSIL 0.3018 42 192 62 215
HSIL 0.3016 170 176 190 199
HSIL 0.3014 34 184 54 207
HSIL 0.3012 58 40 77 63
HSIL 0.3007 178 112 197 135
HSIL 0.3004 154 152 173 175
