LSIL 0.4068 121 181 175 223
LSIL 0.3529 56 14 90 46
LSIL 0.3250 126 203 153 223
LSIL 0.3217 90 181 145 223
LSIL 0.3165 124 172 155 204
LSIL 0.3069 67 28 96 56
LSIL 0.3042 36 22 71 51
HSIL 0.4753 188 142 221 190
HSIL 0.4637 204 182 221 207
HSIL 0.4580 203 107 220 139
HSIL 0.4460 165 101 223 193
HSIL 0.4351 186 175 220 217
HSIL 0.4257 50 19 81 54
HSIL 0.4248 190 117 219 162
HSIL 0.4087 192 91 218 124
HSIL 0.3950 200 195 223 223
HSIL 0.3933 159 157 212 207
HSIL 0.3720 179 105 214 141
HSIL 0.3713 207 122 223 156
HSIL 0.3709 172 145 205 181
HSIL 0.3607 0 111 72 223
HSIL 0.3542 21 0 93 58
HSIL 0.3539 205 148 223 179
HSIL 0.3503 206 83 223 117
HSIL 0.3479 152 199 173 221
HSIL 0.3471 150 80 209 147
HSIL 0.3459 199 43 223 76
HSIL 0.3396 199 10 223 45
HSIL 0.3370 202 30 221 57
HSIL 0.3365 177 166 199 192
HSIL 0.3354 202 62 221 89
HSIL 0.3345 50 43 92 95
HSIL 0.3340 176 135 200 160
HSIL 0.3323 37 41 67 76
HSIL 0.3307 182 197 211 223
HSIL 0.3286 202 0 221 24
HSIL 0.3264 105 199 127 223
HSIL 0.3242 36 60 75 115
HSIL 0.3234 69 187 98 220
HSIL 0.3232 194 79 214 104
HSIL 0.3224 89 84 206 199
HSIL 0.3212 181 60 221 117
HSIL 0.3201 11 13 92 135
HSIL 0.3183 70 66 105 108
HSIL 0.3158 102 67 137 108
HSIL 0.3149 50 63 69 88
HSIL 0.3134 54 112 106 177
HSIL 0.3134 86 51 121 91
HSIL 0.3130 173 181 203 209
HSIL 0.3128 82 195 118 223
HSIL 0.3121 22 51 57 91
HSIL 0.3113 118 83 153 123
HSIL 0.3111 0 113 26 150
HSIL 0.3108 56 55 78 79
HSIL 0.3107 86 83 121 124
HSIL 0.3105 118 51 154 91
HSIL 0.3094 185 87 207 111
HSIL 0.3092 102 99 137 140
HSIL 0.3085 30 75 125 209
HSIL 0.3084 102 36 137 75
HSIL 0.3080 134 67 169 107
HSIL 0.3075 27 98 60 133
HSIL 0.3047 0 178 43 223
HSIL 0.3043 126 0 223 110
HSIL 0.3040 164 199 195 223
HSIL 0.3030 24 179 74 223
HSIL 0.3029 53 83 89 125
HSIL 0.3025 66 99 109 141
HSIL 0.3025 42 160 61 184
HSIL 0.3008 134 99 170 140
HSIL 0.3006 5 66 41 109
HSIL 0.3004 4 98 35 133
HSIL 0.3003 26 160 45 184
