LSIL 0.3675 177 7 208 36
LSIL 0.3112 196 7 223 32
LSIL 0.3048 190 0 215 18
HSIL 0.5183 0 165 72 214
HSIL 0.4631 42 103 63 125
HSIL 0.4560 0 136 144 223
HSIL 0.4363 45 99 90 135
HSIL 0.4316 43 172 96 222
HSIL 0.4298 38 83 65 118
HSIL 0.4247 8 99 85 195
HSIL 0.4231 22 99 64 134
HSIL 0.4139 37 107 74 160
HSIL 0.4087 1 26 96 134
HSIL 0.4086 80 77 207 206
HSIL 0.4050 200 185 223 221
HSIL 0.4035 118 113 176 177
HSIL 0.3974 177 4 210 37
HSIL 0.3909 82 79 147 145
HSIL 0.3897 46 108 114 177
HSIL 0.3885 49 46 113 113
HSIL 0.3840 82 148 143 206
HSIL 0.3824 32 153 74 192
HSIL 0.3820 200 160 223 199
HSIL 0.3818 67 164 106 204
HSIL 0.3795 20 16 77 82
HSIL 0.3775 53 19 170 142
HSIL 0.3752 33 184 66 219
HSIL 0.3732 65 84 108 123
HSIL 0.3712 86 0 208 56
HSIL 0.3682 54 172 79 202
HSIL 0.3614 1 79 49 128
HSIL 0.3593 69 196 105 223
HSIL 0.3592 151 114 202 176
HSIL 0.3587 114 50 171 113
HSIL 0.3585 200 106 223 141
HSIL 0.3558 53 86 81 114
HSIL 0.3554 30 117 58 146
HSIL 0.3534 84 17 143 77
HSIL 0.3513 202 94 221 121
HSIL 0.3506 84 179 122 220
HSIL 0.3503 25 87 48 112
HSIL 0.3499 199 67 223 100
HSIL 0.3496 199 137 223 174
HSIL 0.3482 202 125 221 154
HSIL 0.3468 181 189 211 217
HSIL 0.3460 178 28 221 80
HSIL 0.3443 54 116 81 146
HSIL 0.3429 37 50 74 94
HSIL 0.3427 165 25 195 60
HSIL 0.3424 0 14 44 80
HSIL 0.3416 85 115 122 156
HSIL 0.3401 53 0 108 45
HSIL 0.3387 67 30 109 81
HSIL 0.3381 163 44 205 98
HSIL 0.3368 86 67 122 108
HSIL 0.3367 180 76 221 132
HSIL 0.3367 65 183 86 208
HSIL 0.3348 86 2 121 43
HSIL 0.3345 65 168 86 191
HSIL 0.3341 202 55 221 81
HSIL 0.3329 151 35 185 75
HSIL 0.3329 100 124 142 178
HSIL 0.3318 194 87 214 112
HSIL 0.3307 122 149 223 223
HSIL 0.3300 118 161 155 205
HSIL 0.3296 99 46 140 97
HSIL 0.3295 38 2 74 44
HSIL 0.3281 118 19 155 59
HSIL 0.3280 56 190 79 216
HSIL 0.3275 191 205 217 223
HSIL 0.3266 180 135 220 198
HSIL 0.3254 0 110 50 160
HSIL 0.3241 179 111 221 159
HSIL 0.3239 48 198 71 223
HSIL 0.3222 0 172 27 204
HSIL 0.3221 0 193 29 223
HSIL 0.3211 17 104 39 127
HSIL 0.3204 57 159 77 184
HSIL 0.3191 127 16 223 147
HSIL 0.3183 159 98 208 141
HSIL 0.3181 147 67 190 109
HSIL 0.3170 118 97 155 142
HSIL 0.3156 184 174 208 201
HSIL 0.3148 170 47 190 72
HSIL 0.3129 102 197 138 223
HSIL 0.3129 161 87 182 111
HSIL 0.3127 74 176 94 199
HSIL 0.3126 164 159 204 206
HSIL 0.3123 130 176 175 221
HSIL 0.3122 170 80 189 103
HSIL 0.3118 194 47 214 72
HSIL 0.3112 133 3 172 43
HSIL 0.3106 0 3 26 36
HSIL 0.3089 202 39 222 64
HSIL 0.3077 98 24 117 47
HSIL 0.3072 0 27 26 60
HSIL 0.3055 185 80 207 103
HSIL 0.3055 103 0 137 27
HSIL 0.3045 184 39 207 63
HSIL 0.3030 101 28 130 59
HSIL 0.3030 185 95 207 119
HSIL 0.3020 0 99 25 138
HSIL 0.3018 149 19 179 51
HSIL 0.3018 2 47 21 71
HSIL 0.3017 29 67 59 100
HSIL 0.3016 177 87 198 111
HSIL 0.3016 82 184 101 207
HSIL 0.3015 90 0 109 23
HSIL 0.3014 182 62 210 88
HSIL 0.3011 90 192 110 215
HSIL 0.3010 0 67 24 108
HSIL 0.3008 58 0 77 23
HSIL 0.3004 22 0 58 25
HSIL 0.3001 140 90 171 125
