HSIL 0.6412 25 59 104 136
HSIL 0.5006 0 31 121 223
HSIL 0.4891 40 104 97 156
HSIL 0.4832 20 95 71 136
HSIL 0.4825 75 91 129 145
HSIL 0.4670 64 124 110 176
HSIL 0.4666 73 65 129 114
HSIL 0.4551 62 62 104 93
HSIL 0.4548 18 122 65 178
HSIL 0.4499 2 109 49 158
HSIL 0.4488 24 91 49 121
HSIL 0.4427 32 16 117 97
HSIL 0.4382 95 110 142 159
HSIL 0.4366 17 145 83 213
HSIL 0.4316 50 143 93 188
HSIL 0.4278 56 87 91 129
HSIL 0.4267 26 71 62 114
HSIL 0.4229 81 139 126 193
HSIL 0.4177 28 114 60 148
HSIL 0.4137 69 48 217 178
HSIL 0.4106 69 108 96 136
HSIL 0.4093 49 113 172 223
HSIL 0.4091 114 82 175 144
HSIL 0.4082 3 90 38 124
HSIL 0.4065 66 155 110 210
HSIL 0.4010 148 50 207 113
HSIL 0.3995 16 109 40 136
HSIL 0.3991 66 40 107 78
HSIL 0.3983 94 47 144 100
HSIL 0.3967 118 145 175 210
HSIL 0.3946 46 117 73 143
HSIL 0.3943 14 77 43 107
HSIL 0.3940 115 0 223 110
HSIL 0.3928 8 49 77 100
HSIL 0.3910 112 124 160 178
HSIL 0.3870 78 93 104 121
HSIL 0.3863 98 156 142 210
HSIL 0.3841 3 138 47 194
HSIL 0.3837 114 67 156 109
HSIL 0.3835 50 172 94 223
HSIL 0.3832 150 113 206 177
HSIL 0.3832 0 174 49 223
HSIL 0.3830 44 171 73 203
HSIL 0.3820 44 129 76 165
HSIL 0.3781 49 52 87 85
HSIL 0.3775 82 173 125 223
HSIL 0.3772 37 153 67 190
HSIL 0.3743 28 177 61 212
HSIL 0.3738 86 109 114 137
HSIL 0.3709 77 76 104 106
HSIL 0.3704 64 125 87 153
HSIL 0.3698 94 93 122 122
HSIL 0.3696 43 69 78 99
HSIL 0.3664 33 133 55 160
HSIL 0.3646 64 142 87 168
HSIL 0.3631 71 150 97 177
HSIL 0.3627 109 91 138 124
HSIL 0.3620 105 111 127 136
HSIL 0.3611 89 143 111 168
HSIL 0.3603 102 142 129 169
HSIL 0.3597 105 126 127 152
HSIL 0.3597 94 77 122 106
HSIL 0.3593 86 125 114 154
HSIL 0.3586 148 0 204 49
HSIL 0.3582 57 150 79 176
HSIL 0.3579 89 159 111 184
HSIL 0.3575 56 183 79 208
HSIL 0.3571 0 109 25 138
HSIL 0.3570 116 107 147 140
HSIL 0.3557 22 157 50 186
HSIL 0.3550 199 57 223 93
HSIL 0.3550 199 90 223 125
HSIL 0.3550 16 126 39 152
HSIL 0.3547 132 113 172 157
HSIL 0.3546 25 142 47 168
HSIL 0.3536 118 126 145 153
HSIL 0.3532 97 151 118 175
HSIL 0.3531 73 134 95 160
HSIL 0.3529 62 166 89 193
HSIL 0.3529 49 190 71 216
HSIL 0.3521 79 166 105 193
HSIL 0.3517 113 135 134 159
HSIL 0.3507 199 186 223 220
HSIL 0.3504 113 79 134 104
HSIL 0.3497 199 114 223 149
HSIL 0.3494 117 177 155 221
HSIL 0.3486 119 142 145 169
HSIL 0.3478 201 77 221 106
HSIL 0.3467 0 130 26 164
HSIL 0.3463 0 74 28 108
HSIL 0.3461 73 175 94 199
HSIL 0.3456 198 153 223 189
HSIL 0.3443 105 159 126 183
HSIL 0.3439 89 175 110 200
HSIL 0.3439 0 18 45 76
HSIL 0.3432 199 26 223 61
HSIL 0.3429 88 63 111 88
HSIL 0.3423 113 151 134 175
HSIL 0.3420 65 191 86 215
HSIL 0.3419 201 45 222 74
HSIL 0.3415 125 155 155 188
HSIL 0.3413 95 166 121 193
HSIL 0.3408 69 195 106 223
HSIL 0.3399 79 182 105 209
HSIL 0.3386 148 97 189 142
HSIL 0.3385 113 30 159 82
HSIL 0.3382 98 191 118 215
HSIL 0.3380 202 142 221 170
HSIL 0.3377 15 174 41 201
HSIL 0.3373 202 174 221 202
HSIL 0.3371 102 62 129 89
HSIL 0.3369 202 14 222 41
HSIL 0.3355 125 91 155 124
HSIL 0.3353 9 151 31 176
HSIL 0.3348 129 135 150 159
HSIL 0.3346 128 48 176 95
HSIL 0.3345 102 182 129 209
HSIL 0.3342 0 162 27 197
HSIL 0.3337 140 146 171 180
HSIL 0.3316 137 111 158 135
HSIL 0.3315 121 71 142 95
HSIL 0.3311 111 166 137 192
HSIL 0.3308 15 190 41 216
HSIL 0.3308 101 195 138 223
HSIL 0.3307 4 59 35 92
HSIL 0.3306 30 62 58 90
HSIL 0.3297 1 191 22 216
HSIL 0.3297 132 170 163 204
HSIL 0.3292 122 175 142 199
HSIL 0.3259 143 94 169 121
HSIL 0.3259 146 161 192 205
HSIL 0.3258 55 199 81 223
HSIL 0.3249 129 79 150 103
HSIL 0.3235 153 111 175 136
HSIL 0.3232 140 186 171 220
HSIL 0.3231 202 0 221 23
HSIL 0.3224 179 73 213 109
HSIL 0.3222 153 127 175 152
HSIL 0.3212 42 199 62 223
HSIL 0.3206 194 7 214 32
HSIL 0.3205 179 105 213 142
HSIL 0.3201 141 76 171 107
HSIL 0.3200 145 119 166 143
HSIL 0.3195 193 134 215 161
HSIL 0.3195 145 135 166 160
HSIL 0.3192 97 55 118 79
HSIL 0.3191 161 118 182 144
HSIL 0.3178 114 56 134 79
HSIL 0.3161 26 200 46 223
HSIL 0.3155 9 200 30 223
HSIL 0.3155 129 64 150 87
HSIL 0.3153 161 95 182 120
HSIL 0.3152 80 14 126 66
HSIL 0.3147 1 47 22 72
HSIL 0.3143 184 94 208 120
HSIL 0.3142 179 41 213 77
HSIL 0.3138 180 189 211 217
HSIL 0.3135 169 111 190 136
HSIL 0.3117 184 62 208 88
HSIL 0.3113 161 134 182 160
HSIL 0.3099 0 4 26 35
HSIL 0.3096 130 200 150 223
HSIL 0.3090 157 75 187 108
HSIL 0.3088 105 48 126 71
HSIL 0.3086 89 47 110 71
HSIL 0.3078 144 32 194 79
HSIL 0.3069 169 127 190 152
HSIL 0.3065 122 48 142 71
HSIL 0.3060 1 31 22 56
HSIL 0.3057 158 189 185 217
HSIL 0.3055 154 64 174 87
HSIL 0.3052 178 136 220 197
HSIL 0.3046 153 175 174 200
HSIL 0.3039 0 146 18 180
HSIL 0.3037 179 17 213 53
HSIL 0.3037 158 149 185 177
HSIL 0.3033 130 17 175 62
HSIL 0.3024 117 3 155 44
HSIL 0.3022 36 44 68 75
HSIL 0.3004 157 0 186 27
HSIL 0.3003 138 56 158 79
HSIL 0.3002 0 94 15 120
