HSIL 0.6875 60 15 135 92
HSIL 0.4874 65 56 118 108
HSIL 0.4838 89 47 137 84
HSIL 0.4806 0 11 160 136
HSIL 0.4743 111 62 159 112
HSIL 0.4734 106 29 159 80
HSIL 0.4694 80 78 126 125
HSIL 0.4610 50 75 97 127
HSIL 0.4592 59 46 94 84
HSIL 0.4543 33 61 81 111
HSIL 0.4522 0 73 113 221
HSIL 0.4470 90 10 141 49
HSIL 0.4426 64 94 113 143
HSIL 0.4412 21 115 79 178
HSIL 0.4391 97 91 142 145
HSIL 0.4389 130 49 171 93
HSIL 0.4366 28 27 87 84
HSIL 0.4350 54 116 110 176
HSIL 0.4313 0 144 52 209
HSIL 0.4288 46 45 75 74
HSIL 0.4275 58 148 105 208
HSIL 0.4253 62 68 90 98
HSIL 0.4245 86 117 141 176
HSIL 0.4194 128 78 173 127
HSIL 0.4173 91 147 136 208
HSIL 0.4155 60 26 92 63
HSIL 0.4142 75 36 210 187
HSIL 0.4105 129 20 171 61
HSIL 0.4095 119 117 172 176
HSIL 0.4093 48 61 73 88
HSIL 0.4086 0 81 51 143
HSIL 0.4085 77 69 105 95
HSIL 0.4080 86 0 184 66
HSIL 0.4042 32 95 81 143
HSIL 0.4038 0 52 50 108
HSIL 0.4034 94 67 121 97
HSIL 0.3982 123 147 169 207
HSIL 0.3969 143 62 191 112
HSIL 0.3949 23 0 80 46
HSIL 0.3922 144 29 190 82
HSIL 0.3913 72 34 111 72
HSIL 0.3890 0 17 49 77
HSIL 0.3842 72 85 95 113
HSIL 0.3804 27 177 76 223
HSIL 0.3799 46 30 74 58
HSIL 0.3778 111 70 136 96
HSIL 0.3752 117 53 146 81
HSIL 0.3748 151 114 205 176
HSIL 0.3727 145 93 192 147
HSIL 0.3717 30 62 58 89
HSIL 0.3695 88 86 112 113
HSIL 0.3674 49 78 71 104
HSIL 0.3668 29 45 59 73
HSIL 0.3659 65 94 87 121
HSIL 0.3656 108 27 135 58
HSIL 0.3647 199 107 223 140
HSIL 0.3644 161 78 206 129
HSIL 0.3639 57 86 80 112
HSIL 0.3627 161 45 206 97
HSIL 0.3625 111 110 137 137
HSIL 0.3622 77 116 105 148
HSIL 0.3621 104 94 127 120
HSIL 0.3618 125 107 155 140
HSIL 0.3599 94 109 121 137
HSIL 0.3593 199 75 223 108
HSIL 0.3589 119 37 144 65
HSIL 0.3588 30 78 57 105
HSIL 0.3585 118 93 146 121
HSIL 0.3579 80 102 103 129
HSIL 0.3556 137 95 158 120
HSIL 0.3554 120 107 223 223
HSIL 0.3552 202 94 221 121
HSIL 0.3547 154 147 201 206
HSIL 0.3545 29 91 59 124
HSIL 0.3544 202 126 221 153
HSIL 0.3537 121 78 143 104
HSIL 0.3535 64 110 88 137
HSIL 0.3534 137 79 159 104
HSIL 0.3533 200 62 223 89
HSIL 0.3531 15 62 41 89
HSIL 0.3511 137 47 159 72
HSIL 0.3500 129 71 151 95
HSIL 0.3498 49 95 71 120
HSIL 0.3493 178 17 223 78
HSIL 0.3486 57 103 79 128
HSIL 0.3481 145 63 166 88
HSIL 0.3480 29 30 58 57
HSIL 0.3479 145 0 189 49
HSIL 0.3476 15 46 41 73
HSIL 0.3470 199 43 223 76
HSIL 0.3466 143 102 169 129
HSIL 0.3460 14 78 41 105
HSIL 0.3459 145 87 166 111
HSIL 0.3454 76 22 109 50
HSIL 0.3449 113 0 158 35
HSIL 0.3445 5 3 41 44
HSIL 0.3435 11 113 44 150
HSIL 0.3429 0 106 26 141
HSIL 0.3427 150 78 177 105
HSIL 0.3404 49 111 71 136
HSIL 0.3403 146 39 166 63
HSIL 0.3399 153 95 174 119
HSIL 0.3397 142 117 170 146
HSIL 0.3394 198 138 223 173
HSIL 0.3393 177 113 222 157
HSIL 0.3390 95 8 120 33
HSIL 0.3378 32 110 55 136
HSIL 0.3377 118 125 145 153
HSIL 0.3372 119 22 144 48
HSIL 0.3365 0 83 26 116
HSIL 0.3364 80 133 102 160
HSIL 0.3363 102 125 129 153
HSIL 0.3361 153 111 174 135
HSIL 0.3359 9 71 31 96
HSIL 0.3357 14 94 42 121
HSIL 0.3357 150 46 177 73
HSIL 0.3341 202 31 221 56
HSIL 0.3336 150 21 223 139
HSIL 0.3328 15 30 41 56
HSIL 0.3319 198 186 223 220
HSIL 0.3318 0 53 25 81
HSIL 0.3313 9 39 31 63
HSIL 0.3300 0 127 26 167
HSIL 0.3293 56 118 80 145
HSIL 0.3289 185 111 207 135
HSIL 0.3283 158 118 185 145
HSIL 0.3281 198 12 223 44
HSIL 0.3279 153 31 174 55
HSIL 0.3270 0 19 26 52
HSIL 0.3267 182 94 210 120
HSIL 0.3259 161 104 182 127
HSIL 0.3258 61 132 90 162
HSIL 0.3256 162 72 182 95
HSIL 0.3249 26 24 46 47
HSIL 0.3247 162 88 182 111
HSIL 0.3244 43 176 61 200
HSIL 0.3238 59 176 77 200
HSIL 0.3230 146 24 166 47
HSIL 0.3230 1 7 21 32
HSIL 0.3221 182 78 210 104
HSIL 0.3219 75 176 93 200
HSIL 0.3203 42 160 61 184
HSIL 0.3203 169 111 190 135
HSIL 0.3201 182 62 210 88
HSIL 0.3200 33 16 54 39
HSIL 0.3195 129 15 150 39
HSIL 0.3191 59 160 77 184
HSIL 0.3186 40 118 63 145
HSIL 0.3185 162 56 182 79
HSIL 0.3172 170 80 190 103
HSIL 0.3170 170 96 190 119
HSIL 0.3161 170 64 190 87
HSIL 0.3160 202 0 221 23
HSIL 0.3159 49 15 70 39
HSIL 0.3157 90 176 109 200
HSIL 0.3156 62 0 116 37
HSIL 0.3152 49 167 69 190
HSIL 0.3150 26 176 45 200
HSIL 0.3145 202 158 221 184
HSIL 0.3145 26 160 45 184
HSIL 0.3145 176 119 199 144
HSIL 0.3145 141 133 169 162
HSIL 0.3144 177 104 198 127
HSIL 0.3142 185 126 207 152
HSIL 0.3141 106 176 125 200
HSIL 0.3141 201 175 221 200
HSIL 0.3139 65 167 85 190
HSIL 0.3139 74 160 93 184
HSIL 0.3135 182 46 210 72
HSIL 0.3128 9 0 30 23
HSIL 0.3127 33 167 53 191
HSIL 0.3126 86 141 113 170
HSIL 0.3121 162 40 182 63
HSIL 0.3119 33 151 53 175
HSIL 0.3116 32 134 54 160
HSIL 0.3116 65 151 85 175
HSIL 0.3116 65 15 87 40
HSIL 0.3111 122 176 141 200
HSIL 0.3103 49 151 69 175
HSIL 0.3101 90 160 109 184
HSIL 0.3099 81 168 101 190
HSIL 0.3099 21 0 50 27
HSIL 0.3094 138 176 157 200
HSIL 0.3091 106 160 125 184
HSIL 0.3090 74 142 94 169
HSIL 0.3089 16 134 38 160
HSIL 0.3087 178 88 198 111
HSIL 0.3086 58 192 77 216
HSIL 0.3085 48 134 70 160
HSIL 0.3083 74 192 93 216
HSIL 0.3081 42 192 61 216
HSIL 0.3080 154 16 174 39
HSIL 0.3079 97 167 117 191
HSIL 0.3077 178 72 198 95
HSIL 0.3077 154 176 173 200
HSIL 0.3074 102 141 129 170
HSIL 0.3070 170 48 190 71
HSIL 0.3067 138 160 157 184
HSIL 0.3066 122 160 141 184
HSIL 0.3064 65 183 85 206
HSIL 0.3063 42 8 62 31
HSIL 0.3063 154 160 173 184
HSIL 0.3059 129 151 149 175
HSIL 0.3058 178 56 198 79
HSIL 0.3056 49 183 69 206
HSIL 0.3054 138 8 158 31
HSIL 0.3053 186 32 206 55
HSIL 0.3051 161 135 182 160
HSIL 0.3049 105 0 126 24
HSIL 0.3047 113 167 133 191
HSIL 0.3046 17 151 37 175
HSIL 0.3044 42 143 61 169
HSIL 0.3041 90 192 109 216
HSIL 0.3038 129 167 149 191
HSIL 0.3038 145 151 165 175
HSIL 0.3038 162 24 182 47
HSIL 0.3035 26 143 45 169
HSIL 0.3027 10 159 30 185
HSIL 0.3026 80 8 103 32
HSIL 0.3026 81 183 101 206
HSIL 0.3025 138 143 158 169
HSIL 0.3023 106 192 125 216
HSIL 0.3022 58 143 77 169
HSIL 0.3022 170 176 189 200
HSIL 0.3020 181 0 211 27
HSIL 0.3020 122 143 142 169
HSIL 0.3020 170 32 190 55
HSIL 0.3019 170 160 189 184
HSIL 0.3018 146 0 165 23
HSIL 0.3016 10 175 30 201
HSIL 0.3012 145 167 165 191
HSIL 0.3007 122 192 142 216
HSIL 0.3005 3 186 37 221
HSIL 0.3004 50 0 69 23
HSIL 0.3004 26 191 46 216
HSIL 0.3001 173 133 202 161
