HSIL 0.7000 7 49 85 111
HSIL 0.4721 40 73 94 122
HSIL 0.4697 113 165 149 197
HSIL 0.4694 0 36 155 164
HSIL 0.4668 17 87 65 145
HSIL 0.4559 63 64 108 109
HSIL 0.4551 51 97 91 140
HSIL 0.4500 64 128 162 221
HSIL 0.4429 99 154 134 190
HSIL 0.4375 14 66 43 102
HSIL 0.4323 98 175 133 214
HSIL 0.4297 42 40 95 82
HSIL 0.4252 35 112 75 155
HSIL 0.4220 117 145 145 183
HSIL 0.4212 41 56 74 97
HSIL 0.4145 126 172 174 223
HSIL 0.4123 124 146 175 191
HSIL 0.4121 201 154 223 188
HSIL 0.4088 3 108 46 159
HSIL 0.4068 80 77 127 128
HSIL 0.4062 66 109 109 160
HSIL 0.4057 4 80 37 116
HSIL 0.4003 0 113 104 223
HSIL 0.3984 18 52 54 85
HSIL 0.3930 53 75 78 105
HSIL 0.3924 51 123 94 179
HSIL 0.3919 66 159 113 206
HSIL 0.3907 36 47 68 74
HSIL 0.3892 80 123 129 181
HSIL 0.3883 0 143 49 208
HSIL 0.3855 78 46 128 99
HSIL 0.3855 85 0 203 107
HSIL 0.3854 18 121 63 179
HSIL 0.3837 0 98 27 139
HSIL 0.3826 127 180 151 209
HSIL 0.3823 199 128 223 167
HSIL 0.3805 115 53 172 112
HSIL 0.3799 23 93 49 120
HSIL 0.3789 0 68 29 99
HSIL 0.3772 62 62 88 89
HSIL 0.3766 88 180 112 208
HSIL 0.3740 39 93 64 120
HSIL 0.3717 9 55 32 81
HSIL 0.3705 191 112 219 149
HSIL 0.3701 144 159 191 207
HSIL 0.3685 85 192 123 223
HSIL 0.3659 32 102 55 128
HSIL 0.3657 135 167 160 191
HSIL 0.3654 64 86 87 111
HSIL 0.3650 199 178 223 213
HSIL 0.3639 102 141 130 170
HSIL 0.3636 35 141 77 193
HSIL 0.3634 99 95 141 142
HSIL 0.3626 56 94 79 120
HSIL 0.3623 131 87 170 145
HSIL 0.3609 72 70 95 96
HSIL 0.3607 114 107 157 163
HSIL 0.3584 148 15 205 81
HSIL 0.3574 51 173 94 223
HSIL 0.3559 116 0 173 49
HSIL 0.3545 184 162 219 204
HSIL 0.3540 49 102 71 128
HSIL 0.3540 97 68 144 109
HSIL 0.3525 51 22 90 61
HSIL 0.3511 57 127 78 151
HSIL 0.3509 88 158 112 186
HSIL 0.3491 162 141 206 193
HSIL 0.3486 33 118 55 144
HSIL 0.3482 17 110 39 136
HSIL 0.3474 146 125 190 177
HSIL 0.3470 123 129 223 223
HSIL 0.3464 47 134 73 161
HSIL 0.3460 72 55 95 80
HSIL 0.3454 81 79 102 103
HSIL 0.3451 161 108 208 161
HSIL 0.3449 182 133 210 162
HSIL 0.3445 81 63 102 88
HSIL 0.3445 71 94 97 121
HSIL 0.3444 70 182 98 209
HSIL 0.3430 4 138 35 172
HSIL 0.3430 143 101 167 128
HSIL 0.3424 86 142 113 169
HSIL 0.3424 73 127 94 151
HSIL 0.3419 63 134 89 160
HSIL 0.3414 64 47 87 71
HSIL 0.3414 128 101 152 129
HSIL 0.3408 57 143 78 167
HSIL 0.3406 25 127 47 152
HSIL 0.3405 61 155 91 187
HSIL 0.3404 119 110 145 137
HSIL 0.3399 31 134 57 161
HSIL 0.3394 109 195 138 223
HSIL 0.3391 198 59 223 92
HSIL 0.3385 65 119 86 143
HSIL 0.3381 73 143 94 167
HSIL 0.3378 137 111 158 136
HSIL 0.3374 145 159 166 183
HSIL 0.3368 73 111 94 136
HSIL 0.3365 136 151 159 175
HSIL 0.3364 199 26 223 61
HSIL 0.3358 18 173 61 223
HSIL 0.3358 9 127 31 152
HSIL 0.3352 81 151 102 175
HSIL 0.3349 42 143 62 167
HSIL 0.3347 6 157 33 186
HSIL 0.3342 113 103 134 127
HSIL 0.3339 162 174 206 223
HSIL 0.3339 82 136 102 159
HSIL 0.3331 175 118 200 144
HSIL 0.3325 86 94 113 121
HSIL 0.3323 155 91 189 124
HSIL 0.3322 202 199 222 223
HSIL 0.3319 202 46 221 73
HSIL 0.3317 134 190 161 217
HSIL 0.3316 86 70 113 96
HSIL 0.3314 82 120 102 143
HSIL 0.3312 25 143 46 167
HSIL 0.3311 21 155 51 188
HSIL 0.3310 105 95 127 119
HSIL 0.3307 181 75 211 108
HSIL 0.3302 82 103 102 127
HSIL 0.3302 86 126 113 152
HSIL 0.3300 97 136 118 159
HSIL 0.3299 202 15 221 40
HSIL 0.3294 65 175 86 200
HSIL 0.3280 5 178 35 212
HSIL 0.3277 50 152 70 175
HSIL 0.3274 122 57 223 168
HSIL 0.3273 182 150 210 177
HSIL 0.3270 65 191 86 215
HSIL 0.3269 97 87 119 111
HSIL 0.3261 86 111 113 136
HSIL 0.3256 153 152 173 175
HSIL 0.3255 145 176 166 199
HSIL 0.3252 110 124 138 156
HSIL 0.3246 105 111 126 135
HSIL 0.3242 0 0 100 80
HSIL 0.3241 74 200 94 223
HSIL 0.3234 130 119 150 143
HSIL 0.3233 133 77 163 108
HSIL 0.3233 182 190 210 217
HSIL 0.3233 89 56 110 79
HSIL 0.3224 97 103 118 127
HSIL 0.3222 26 176 46 199
HSIL 0.3218 149 196 186 223
HSIL 0.3215 81 48 102 71
HSIL 0.3201 57 183 78 207
HSIL 0.3198 81 14 126 66
HSIL 0.3198 97 64 118 87
HSIL 0.3193 105 79 127 104
HSIL 0.3192 42 160 62 183
HSIL 0.3191 37 196 74 223
HSIL 0.3189 26 192 46 215
HSIL 0.3183 98 31 142 82
HSIL 0.3178 33 184 54 207
HSIL 0.3178 182 62 210 89
HSIL 0.3176 98 120 118 143
HSIL 0.3174 173 98 203 133
HSIL 0.3173 150 110 177 137
HSIL 0.3158 202 0 221 24
HSIL 0.3155 113 87 135 112
HSIL 0.3149 50 168 70 191
HSIL 0.3149 146 144 166 168
HSIL 0.3144 154 168 174 191
HSIL 0.3138 129 200 150 223
HSIL 0.3136 0 46 25 73
HSIL 0.3133 170 127 190 151
HSIL 0.3130 193 7 214 32
HSIL 0.3115 42 176 62 199
HSIL 0.3111 0 196 26 223
HSIL 0.3104 162 160 181 183
HSIL 0.3101 154 184 174 207
HSIL 0.3088 166 78 194 104
HSIL 0.3086 146 120 165 143
HSIL 0.3081 36 27 68 60
HSIL 0.3068 161 144 182 167
HSIL 0.3057 102 3 138 44
HSIL 0.3046 19 36 53 68
HSIL 0.3042 129 135 150 159
HSIL 0.3040 0 86 16 112
HSIL 0.3038 0 122 19 156
HSIL 0.3036 18 200 38 223
HSIL 0.3035 180 43 212 76
HSIL 0.3035 0 3 26 36
HSIL 0.3035 73 40 94 63
HSIL 0.3030 98 48 118 71
HSIL 0.3027 178 143 198 167
HSIL 0.3023 138 128 158 151
HSIL 0.3021 106 56 126 79
HSIL 0.3020 181 30 210 57
HSIL 0.3014 154 136 173 159
HSIL 0.3013 0 146 19 180
HSIL 0.3010 178 200 198 223
HSIL 0.3005 69 3 106 44
HSIL 0.3000 161 120 182 143
