HSIL 0.7001 55 0 129 83
HSIL 0.4894 66 44 110 86
HSIL 0.4853 89 44 144 94
HSIL 0.4829 0 0 145 147
HSIL 0.4828 81 64 124 108
HSIL 0.4806 51 59 98 111
HSIL 0.4757 88 19 140 64
HSIL 0.4755 55 23 81 64
HSIL 0.4702 25 23 95 82
HSIL 0.4642 58 8 96 47
HSIL 0.4540 52 83 112 146
HSIL 0.4524 112 33 157 77
HSIL 0.4488 0 72 110 218
HSIL 0.4460 52 48 84 84
HSIL 0.4413 159 151 182 175
HSIL 0.4399 22 114 79 177
HSIL 0.4397 78 8 118 48
HSIL 0.4364 97 76 141 127
HSIL 0.4348 111 62 158 111
HSIL 0.4273 87 115 140 175
HSIL 0.4267 0 145 51 208
HSIL 0.4251 94 29 117 59
HSIL 0.4210 34 75 80 128
HSIL 0.4209 20 49 64 91
HSIL 0.4205 47 12 74 43
HSIL 0.4199 36 28 69 58
HSIL 0.4187 200 57 222 92
HSIL 0.4167 120 116 173 175
HSIL 0.4150 59 148 105 207
HSIL 0.4126 110 1 159 50
HSIL 0.4110 84 79 201 210
HSIL 0.4109 0 82 50 144
HSIL 0.4078 128 46 173 96
HSIL 0.4072 0 15 52 79
HSIL 0.4062 39 45 66 72
HSIL 0.4022 117 84 176 144
HSIL 0.4019 68 0 100 28
HSIL 0.4001 91 148 137 206
HSIL 0.3990 95 53 120 80
HSIL 0.3966 192 43 218 76
HSIL 0.3960 148 141 187 188
HSIL 0.3944 103 21 127 50
HSIL 0.3935 132 19 169 61
HSIL 0.3930 77 81 106 116
HSIL 0.3898 144 17 206 78
HSIL 0.3897 96 36 193 117
HSIL 0.3863 122 147 170 204
HSIL 0.3822 143 151 169 175
HSIL 0.3815 190 73 219 109
HSIL 0.3814 147 80 208 145
HSIL 0.3810 100 0 136 27
HSIL 0.3809 56 69 80 97
HSIL 0.3803 164 133 201 172
HSIL 0.3803 190 105 219 141
HSIL 0.3792 199 90 223 125
HSIL 0.3772 199 25 223 62
HSIL 0.3757 84 98 115 133
HSIL 0.3753 179 57 213 93
HSIL 0.3752 87 0 111 24
HSIL 0.3750 27 179 76 223
HSIL 0.3745 146 62 190 113
HSIL 0.3732 160 164 182 193
HSIL 0.3720 104 62 128 88
HSIL 0.3698 14 0 69 50
HSIL 0.3698 129 38 151 64
HSIL 0.3689 112 30 135 56
HSIL 0.3688 21 35 51 67
HSIL 0.3688 49 78 71 105
HSIL 0.3684 145 38 166 64
HSIL 0.3682 199 122 223 156
HSIL 0.3682 62 92 90 122
HSIL 0.3681 121 78 143 104
HSIL 0.3678 120 46 143 72
HSIL 0.3677 137 46 159 72
HSIL 0.3670 164 160 202 204
HSIL 0.3670 5 65 43 110
HSIL 0.3667 121 62 143 88
HSIL 0.3666 96 87 119 112
HSIL 0.3665 33 54 55 79
HSIL 0.3661 199 170 223 205
HSIL 0.3650 105 95 127 120
HSIL 0.3650 112 55 135 79
HSIL 0.3646 199 3 223 36
HSIL 0.3643 39 201 64 223
HSIL 0.3636 0 120 24 159
HSIL 0.3634 104 78 127 104
HSIL 0.3632 118 93 145 121
HSIL 0.3627 49 94 70 120
HSIL 0.3615 113 87 135 111
HSIL 0.3613 75 113 108 150
HSIL 0.3613 152 132 176 164
HSIL 0.3612 53 0 83 26
HSIL 0.3605 41 70 63 96
HSIL 0.3598 129 55 150 80
HSIL 0.3589 101 107 131 140
HSIL 0.3577 41 87 63 112
HSIL 0.3575 113 70 135 96
HSIL 0.3574 44 105 75 142
HSIL 0.3572 201 190 221 216
HSIL 0.3560 129 71 150 96
HSIL 0.3560 27 97 61 134
HSIL 0.3544 33 79 55 104
HSIL 0.3534 134 78 162 105
HSIL 0.3528 175 145 223 189
HSIL 0.3528 129 87 150 111
HSIL 0.3527 65 131 110 170
HSIL 0.3521 152 31 174 56
HSIL 0.3520 30 14 58 41
HSIL 0.3508 137 63 159 88
HSIL 0.3500 13 92 41 123
HSIL 0.3500 25 63 47 88
HSIL 0.3497 125 107 155 140
HSIL 0.3487 202 158 221 186
HSIL 0.3473 182 93 210 121
HSIL 0.3469 61 108 90 138
HSIL 0.3465 202 142 221 169
HSIL 0.3461 7 107 32 140
HSIL 0.3459 149 3 186 44
HSIL 0.3457 144 14 166 41
HSIL 0.3456 112 14 135 40
HSIL 0.3446 4 51 35 84
HSIL 0.3446 134 94 161 121
HSIL 0.3424 144 166 167 192
HSIL 0.3415 25 23 47 48
HSIL 0.3414 150 46 177 73
HSIL 0.3410 181 124 211 155
HSIL 0.3404 153 79 174 103
HSIL 0.3398 119 22 145 48
HSIL 0.3397 6 38 34 65
HSIL 0.3395 180 26 212 60
HSIL 0.3395 145 55 166 80
HSIL 0.3391 149 91 179 124
HSIL 0.3388 129 14 152 41
HSIL 0.3386 146 72 166 95
HSIL 0.3377 6 129 42 172
HSIL 0.3370 134 125 162 154
HSIL 0.3369 172 107 204 140
HSIL 0.3368 0 11 25 44
HSIL 0.3366 143 110 169 137
HSIL 0.3360 153 63 174 87
HSIL 0.3354 179 186 213 221
HSIL 0.3350 0 84 25 114
HSIL 0.3348 115 122 148 157
HSIL 0.3347 209 77 223 106
HSIL 0.3334 1 70 23 97
HSIL 0.3318 209 109 223 137
HSIL 0.3317 1 141 20 170
HSIL 0.3313 40 160 74 203
HSIL 0.3312 193 150 215 177
HSIL 0.3299 1 31 22 56
HSIL 0.3279 172 75 204 108
HSIL 0.3278 120 7 144 32
HSIL 0.3277 162 72 182 95
HSIL 0.3272 156 114 187 149
HSIL 0.3263 18 112 53 151
HSIL 0.3248 102 125 129 153
HSIL 0.3242 2 0 21 23
HSIL 0.3232 172 43 204 76
HSIL 0.3231 32 191 54 216
HSIL 0.3229 14 14 42 40
HSIL 0.3224 162 56 181 79
HSIL 0.3219 166 94 193 120
HSIL 0.3219 134 0 169 27
HSIL 0.3218 54 189 82 217
HSIL 0.3215 38 0 66 24
HSIL 0.3214 180 3 212 36
HSIL 0.3209 162 40 182 63
HSIL 0.3193 42 160 61 184
HSIL 0.3187 59 160 77 184
HSIL 0.3187 184 142 208 168
HSIL 0.3186 166 63 193 88
HSIL 0.3164 184 158 208 184
HSIL 0.3162 74 160 93 184
HSIL 0.3158 26 8 46 31
HSIL 0.3157 136 159 159 184
HSIL 0.3156 74 176 93 200
HSIL 0.3149 39 125 65 154
HSIL 0.3139 184 174 208 201
HSIL 0.3136 0 185 25 222
HSIL 0.3125 51 121 84 158
HSIL 0.3120 162 24 182 47
HSIL 0.3120 58 176 77 200
HSIL 0.3117 26 160 45 184
HSIL 0.3110 65 151 85 175
HSIL 0.3104 49 151 69 175
HSIL 0.3097 42 144 61 168
HSIL 0.3093 33 151 53 175
HSIL 0.3092 18 0 38 23
HSIL 0.3092 96 134 118 160
HSIL 0.3085 65 167 85 191
HSIL 0.3085 33 135 53 160
HSIL 0.3082 74 143 93 168
HSIL 0.3081 90 160 109 184
HSIL 0.3078 146 173 189 222
HSIL 0.3077 153 174 174 201
HSIL 0.3069 90 176 109 200
HSIL 0.3062 7 157 32 186
HSIL 0.3057 58 144 77 168
HSIL 0.3054 170 32 190 55
HSIL 0.3051 81 152 101 175
HSIL 0.3050 26 176 45 200
HSIL 0.3045 26 144 45 168
HSIL 0.3043 48 182 70 207
HSIL 0.3040 33 167 53 191
HSIL 0.3037 162 0 181 23
HSIL 0.3026 81 167 101 191
HSIL 0.3022 106 159 125 184
HSIL 0.3015 0 42 19 76
HSIL 0.3015 106 176 125 200
HSIL 0.3013 97 151 117 175
HSIL 0.3011 124 141 155 170
HSIL 0.3010 74 191 94 215
HSIL 0.3007 7 173 33 202
HSIL 0.3006 56 208 78 223
HSIL 0.3004 103 142 129 170
